positions under analysis = 3382549
------------------------------------
piece type = all

search33v3 with razoring, LMR

mean difference between current beta and lazy eval
d=0:	0,	124,	175,	177,	190,	171,	185,	194,	189,	186,	180,	201,	186,	200,	198,	197,	193,	187,	207,	189,	210,	190,	189,	199,	186,	175,	172,	173,	159,	156,	157,	149,	118,	127,	134,	123,	119,	115,	91,	123,	110,	118,	144,	100,	85,	80,	134,	208,	174,	66,	0,	88,	24,	240,	0,	20,	0,	0,	0,	0,	0,	0,	0,	0,	0,	
d=1:	0,	122,	165,	173,	175,	181,	184,	186,	186,	189,	187,	193,	191,	192,	194,	196,	199,	196,	194,	195,	197,	197,	196,	191,	187,	187,	175,	170,	163,	151,	144,	134,	126,	119,	114,	102,	95,	95,	87,	81,	75,	75,	70,	69,	68,	64,	56,	62,	74,	49,	70,	69,	66,	12,	16,	48,	-42,	45,	-64,	-67,	0,	0,	0,	0,	0,	
d=2:	0,	172,	218,	227,	226,	228,	237,	231,	232,	240,	237,	242,	247,	250,	247,	251,	248,	257,	255,	256,	251,	251,	250,	249,	242,	237,	238,	227,	222,	214,	199,	191,	179,	171,	166,	160,	152,	139,	141,	137,	122,	121,	119,	98,	100,	114,	103,	95,	91,	154,	37,	22,	119,	37,	108,	4,	0,	0,	0,	0,	0,	0,	0,	0,	0,	
d=3:	0,	183,	204,	205,	202,	212,	208,	214,	211,	213,	210,	210,	218,	214,	210,	214,	214,	221,	213,	218,	214,	220,	209,	204,	203,	196,	187,	184,	179,	166,	157,	144,	136,	125,	118,	110,	105,	103,	104,	94,	88,	76,	80,	81,	70,	71,	59,	68,	64,	59,	47,	89,	83,	40,	87,	45,	-93,	-56,	0,	0,	0,	0,	0,	0,	0,	
d=4:	0,	192,	212,	218,	219,	211,	217,	214,	216,	224,	218,	223,	220,	209,	222,	227,	220,	220,	223,	217,	215,	213,	216,	211,	202,	194,	190,	187,	167,	161,	149,	138,	134,	131,	121,	116,	111,	105,	108,	110,	88,	98,	92,	82,	65,	84,	62,	67,	107,	67,	81,	53,	73,	-56,	0,	82,	0,	0,	0,	0,	0,	0,	0,	0,	0,	
d=5:	0,	168,	188,	199,	191,	191,	196,	188,	195,	191,	195,	190,	199,	192,	195,	195,	192,	197,	191,	196,	199,	185,	192,	185,	177,	173,	163,	159,	153,	145,	136,	131,	124,	114,	109,	108,	99,	99,	86,	85,	92,	77,	70,	77,	98,	87,	78,	53,	66,	15,	41,	16,	67,	29,	0,	27,	0,	0,	0,	0,	0,	0,	0,	0,	0,	
d=6:	0,	161,	177,	175,	171,	177,	182,	184,	181,	189,	181,	186,	193,	189,	189,	186,	189,	193,	191,	186,	187,	184,	182,	187,	177,	174,	168,	163,	158,	151,	141,	133,	121,	116,	113,	107,	108,	98,	95,	96,	108,	103,	81,	87,	86,	82,	95,	71,	137,	65,	63,	47,	58,	108,	1,	38,	197,	0,	0,	0,	0,	0,	0,	0,	0,	
d=7:	0,	169,	178,	182,	191,	178,	184,	184,	177,	194,	187,	179,	187,	181,	189,	183,	185,	186,	197,	179,	179,	178,	177,	173,	169,	166,	164,	160,	150,	137,	134,	137,	120,	121,	117,	114,	101,	111,	114,	107,	94,	112,	114,	120,	118,	131,	150,	73,	135,	137,	27,	87,	125,	-30,	0,	33,	0,	0,	0,	0,	0,	0,	0,	0,	0,	
d=8:	0,	148,	158,	160,	162,	159,	162,	165,	158,	168,	160,	164,	159,	159,	161,	167,	177,	168,	158,	166,	173,	165,	166,	148,	161,	159,	153,	146,	136,	119,	117,	123,	113,	111,	115,	123,	107,	108,	102,	103,	106,	119,	104,	116,	76,	230,	300,	163,	100,	28,	39,	32,	30,	28,	0,	0,	0,	0,	0,	0,	0,	0,	0,	0,	0,	
d=9:	0,	191,	186,	197,	189,	204,	190,	194,	197,	197,	205,	207,	206,	199,	193,	192,	201,	208,	201,	211,	224,	210,	200,	201,	204,	193,	179,	185,	178,	168,	176,	181,	168,	177,	165,	143,	172,	183,	157,	196,	155,	161,	168,	196,	219,	269,	387,	335,	200,	43,	23,	84,	32,	0,	32,	0,	0,	0,	0,	0,	0,	0,	0,	0,	0,	
~98% quantile
d=0:	0,	-418,	-403,	-407,	-417,	-394,	-396,	-397,	-388,	-379,	-402,	-401,	-400,	-396,	-397,	-412,	-386,	-405,	-394,	-386,	-393,	-393,	-387,	-398,	-382,	-364,	-363,	-350,	-336,	-352,	-350,	-320,	-278,	-322,	-342,	-323,	-287,	-333,	-267,	-325,	-292,	-400,	-352,	-243,	-199,	-284,	-369,	-326,	-269,	-75,	0,	-16,	16,	240,	0,	20,	0,	0,	0,	0,	0,	0,	0,	0,	0,	
d=1:	0,	-303,	-286,	-281,	-279,	-270,	-266,	-261,	-272,	-263,	-264,	-261,	-268,	-265,	-267,	-260,	-256,	-265,	-277,	-270,	-276,	-278,	-289,	-310,	-323,	-333,	-366,	-361,	-357,	-353,	-342,	-329,	-320,	-317,	-302,	-283,	-272,	-273,	-251,	-227,	-215,	-231,	-212,	-215,	-191,	-185,	-168,	-130,	-221,	-152,	-110,	-113,	-248,	-102,	-216,	0,	-112,	45,	-244,	-67,	0,	0,	0,	0,	0,	
d=2:	0,	-406,	-395,	-389,	-394,	-383,	-386,	-387,	-381,	-385,	-378,	-381,	-380,	-375,	-378,	-375,	-371,	-371,	-371,	-369,	-363,	-363,	-362,	-357,	-354,	-340,	-342,	-338,	-333,	-327,	-317,	-313,	-310,	-305,	-305,	-282,	-289,	-262,	-271,	-242,	-239,	-229,	-239,	-197,	-200,	-171,	-186,	-160,	-200,	-395,	-85,	-109,	-217,	-13,	91,	-124,	0,	0,	0,	0,	0,	0,	0,	0,	0,	
d=3:	0,	-404,	-395,	-392,	-393,	-389,	-387,	-393,	-389,	-389,	-388,	-387,	-393,	-390,	-385,	-391,	-385,	-388,	-383,	-382,	-383,	-383,	-372,	-369,	-370,	-364,	-354,	-353,	-346,	-341,	-329,	-317,	-314,	-299,	-284,	-270,	-283,	-278,	-233,	-246,	-235,	-190,	-223,	-215,	-209,	-185,	-136,	-144,	-117,	-115,	-78,	-177,	-243,	-109,	-188,	-33,	-93,	-56,	0,	0,	0,	0,	0,	0,	0,	
d=4:	0,	-406,	-405,	-404,	-401,	-396,	-395,	-398,	-399,	-394,	-407,	-404,	-397,	-392,	-399,	-398,	-391,	-392,	-391,	-385,	-392,	-385,	-387,	-373,	-371,	-359,	-367,	-359,	-348,	-329,	-317,	-315,	-303,	-302,	-289,	-300,	-273,	-261,	-253,	-244,	-221,	-228,	-257,	-187,	-157,	-187,	-117,	-259,	-273,	-158,	-200,	-79,	27,	-56,	0,	82,	0,	0,	0,	0,	0,	0,	0,	0,	0,	
d=5:	0,	-407,	-404,	-409,	-403,	-393,	-402,	-398,	-396,	-401,	-395,	-400,	-401,	-397,	-410,	-399,	-395,	-395,	-393,	-403,	-395,	-388,	-382,	-377,	-374,	-379,	-364,	-362,	-347,	-326,	-337,	-336,	-313,	-292,	-284,	-288,	-268,	-272,	-257,	-249,	-244,	-220,	-217,	-247,	-240,	-285,	-172,	-211,	-137,	-176,	-52,	-294,	-66,	-203,	0,	27,	0,	0,	0,	0,	0,	0,	0,	0,	0,	
d=6:	0,	-389,	-371,	-379,	-381,	-384,	-375,	-389,	-389,	-384,	-383,	-391,	-381,	-379,	-387,	-389,	-384,	-374,	-378,	-362,	-379,	-376,	-370,	-368,	-360,	-367,	-348,	-336,	-329,	-337,	-323,	-325,	-304,	-297,	-273,	-276,	-271,	-263,	-270,	-290,	-297,	-248,	-200,	-193,	-198,	-249,	-270,	-335,	-312,	-39,	-176,	-117,	-151,	-70,	-80,	-212,	197,	0,	0,	0,	0,	0,	0,	0,	0,	
d=7:	0,	-412,	-414,	-412,	-412,	-408,	-417,	-410,	-390,	-419,	-409,	-402,	-406,	-403,	-416,	-401,	-402,	-394,	-412,	-394,	-403,	-395,	-389,	-381,	-374,	-378,	-381,	-375,	-359,	-346,	-347,	-350,	-331,	-327,	-302,	-321,	-277,	-327,	-293,	-286,	-258,	-311,	-293,	-256,	-339,	-335,	-406,	-70,	-292,	-350,	-60,	-21,	-333,	-150,	0,	33,	0,	0,	0,	0,	0,	0,	0,	0,	0,	
d=8:	0,	-386,	-371,	-374,	-386,	-381,	-374,	-380,	-378,	-387,	-373,	-380,	-348,	-383,	-383,	-380,	-390,	-379,	-368,	-365,	-381,	-368,	-373,	-366,	-369,	-372,	-367,	-365,	-347,	-324,	-332,	-323,	-317,	-284,	-303,	-350,	-302,	-357,	-294,	-259,	-342,	-365,	-404,	-441,	-144,	-606,	-626,	-584,	-187,	-108,	-90,	32,	26,	28,	0,	0,	0,	0,	0,	0,	0,	0,	0,	0,	0,	
d=9:	0,	-401,	-388,	-390,	-380,	-395,	-387,	-383,	-385,	-399,	-396,	-402,	-388,	-393,	-377,	-378,	-380,	-388,	-371,	-375,	-392,	-396,	-373,	-383,	-381,	-382,	-364,	-373,	-355,	-342,	-357,	-342,	-306,	-329,	-358,	-309,	-346,	-360,	-322,	-355,	-362,	-344,	-377,	-401,	-456,	-504,	-423,	-468,	-494,	-5,	3,	64,	32,	0,	32,	0,	0,	0,	0,	0,	0,	0,	0,	0,	0,	
number of samples
d=0:	0,	2274,	1863,	1728,	1672,	1690,	1762,	1577,	1628,	1635,	1567,	1582,	1613,	1596,	1495,	1557,	1552,	1594,	1468,	1471,	1446,	1454,	1422,	1408,	1392,	1332,	1262,	1205,	1137,	1056,	946,	860,	801,	639,	583,	510,	396,	327,	268,	220,	173,	153,	91,	81,	41,	23,	23,	12,	11,	4,	0,	2,	2,	1,	0,	1,	0,	0,	0,	0,	0,	0,	0,	0,	0,	
d=1:	0,	35724,	27464,	26362,	26086,	25657,	25395,	25355,	24662,	24721,	24973,	24153,	24066,	24057,	23644,	23734,	23448,	23428,	23049,	23271,	22628,	22544,	22088,	21632,	21449,	20917,	19852,	19340,	18386,	17351,	16268,	14802,	13564,	11960,	10466,	8962,	7586,	6561,	5336,	4354,	3454,	2622,	1993,	1479,	1089,	801,	533,	347,	207,	138,	108,	49,	30,	18,	12,	5,	2,	1,	2,	1,	0,	0,	0,	0,	0,	
d=2:	0,	18263,	14805,	13897,	13885,	13545,	13111,	13316,	13322,	13134,	12732,	13092,	12838,	12706,	12491,	12514,	12451,	12251,	12163,	12029,	11802,	11709,	11458,	11156,	10784,	10565,	10245,	9409,	8934,	8302,	7653,	6721,	6094,	5096,	4470,	3696,	3093,	2579,	2043,	1640,	1219,	918,	663,	486,	322,	237,	178,	110,	92,	33,	23,	13,	8,	5,	3,	4,	0,	0,	0,	0,	0,	0,	0,	0,	0,	
d=3:	0,	12991,	11679,	11404,	11626,	11392,	11338,	11358,	11231,	11136,	11414,	11121,	11029,	11093,	10946,	10988,	11013,	10909,	10730,	10691,	10620,	10592,	10456,	10155,	9964,	9566,	9292,	8698,	8257,	7723,	6978,	6324,	5580,	4951,	4255,	3625,	3039,	2434,	2032,	1548,	1239,	948,	706,	512,	359,	232,	174,	120,	66,	49,	24,	11,	14,	6,	3,	2,	1,	1,	0,	0,	0,	0,	0,	0,	0,	
d=4:	0,	8188,	7679,	7465,	7520,	7497,	7620,	7389,	7513,	7517,	7369,	7355,	7304,	7364,	7359,	7352,	7328,	7208,	7392,	7042,	7051,	7054,	6818,	6688,	6623,	6189,	6160,	5677,	5447,	4939,	4538,	4108,	3594,	3295,	2682,	2245,	1831,	1544,	1187,	950,	758,	594,	417,	303,	205,	150,	99,	69,	31,	22,	14,	10,	3,	1,	0,	1,	0,	0,	0,	0,	0,	0,	0,	0,	0,	
d=5:	0,	7493,	6813,	6809,	6660,	6576,	6493,	6419,	6599,	6613,	6424,	6599,	6369,	6403,	6519,	6415,	6473,	6450,	6165,	6367,	6152,	6082,	6028,	6007,	5761,	5618,	5327,	5151,	4888,	4522,	4210,	3614,	3432,	2970,	2399,	2120,	1711,	1402,	1126,	914,	682,	512,	369,	259,	208,	145,	92,	74,	43,	24,	15,	6,	6,	3,	0,	1,	0,	0,	0,	0,	0,	0,	0,	0,	0,	
d=6:	0,	5350,	4887,	4846,	4689,	4719,	4647,	4662,	4606,	4636,	4589,	4625,	4548,	4597,	4615,	4467,	4442,	4554,	4411,	4359,	4162,	4229,	4140,	4071,	3939,	3744,	3624,	3625,	3319,	3110,	2912,	2582,	2237,	1995,	1663,	1532,	1176,	1000,	813,	634,	512,	378,	288,	185,	147,	83,	56,	39,	25,	13,	14,	7,	3,	2,	3,	3,	1,	0,	0,	0,	0,	0,	0,	0,	0,	
d=7:	0,	3782,	3475,	3357,	3399,	3475,	3381,	3490,	3396,	3444,	3444,	3348,	3439,	3395,	3321,	3382,	3329,	3302,	3268,	3319,	3256,	3315,	3357,	3111,	2972,	2936,	2815,	2654,	2503,	2332,	2182,	1974,	1686,	1464,	1239,	1092,	892,	696,	556,	429,	336,	266,	195,	134,	95,	73,	53,	32,	22,	20,	5,	4,	4,	3,	0,	1,	0,	0,	0,	0,	0,	0,	0,	0,	0,	
d=8:	0,	2138,	2016,	1946,	1948,	1948,	1991,	1974,	1964,	1995,	1945,	1880,	1922,	1896,	1963,	2025,	1902,	1904,	1870,	1956,	1921,	1879,	1867,	1743,	1781,	1659,	1644,	1597,	1437,	1416,	1336,	1152,	1025,	912,	755,	652,	574,	461,	387,	260,	220,	196,	127,	91,	60,	29,	25,	22,	13,	8,	9,	2,	2,	1,	0,	0,	0,	0,	0,	0,	0,	0,	0,	0,	0,	
d=9:	0,	1150,	1120,	1124,	1094,	1066,	1114,	1119,	1119,	1064,	1109,	1116,	1108,	1134,	1075,	1122,	1082,	1102,	1058,	1034,	1084,	1057,	1038,	1029,	953,	966,	954,	844,	857,	792,	727,	636,	535,	509,	454,	399,	341,	288,	225,	183,	158,	112,	70,	56,	45,	28,	13,	11,	7,	3,	2,	2,	1,	0,	1,	0,	0,	0,	0,	0,	0,	0,	0,	0,	0,	
------------------------------------
piece type = king

mean difference between current beta and lazy eval
d=0:	0,	-77,	61,	-2,	0,	0,	0,	0,	0,	576,	372,	616,	398,	760,	314,	266,	448,	434,	435,	493,	496,	655,	422,	367,	495,	341,	370,	337,	259,	294,	273,	217,	146,	215,	173,	155,	151,	137,	95,	170,	129,	143,	130,	106,	72,	118,	80,	200,	161,	66,	0,	88,	28,	0,	0,	0,	0,	0,	0,	0,	0,	0,	0,	0,	0,	
d=1:	0,	8,	1,	69,	759,	561,	923,	350,	614,	1106,	630,	537,	722,	533,	691,	526,	630,	637,	747,	645,	634,	610,	591,	543,	501,	483,	423,	397,	365,	324,	288,	255,	211,	193,	173,	140,	124,	119,	102,	97,	83,	83,	80,	78,	73,	69,	57,	65,	84,	51,	60,	56,	73,	8,	8,	46,	-42,	45,	-64,	-67,	0,	0,	0,	0,	0,	
d=2:	0,	32,	79,	154,	636,	438,	455,	0,	439,	396,	529,	562,	428,	707,	468,	573,	701,	650,	640,	656,	603,	579,	591,	527,	525,	458,	444,	423,	385,	353,	301,	286,	258,	231,	219,	199,	196,	162,	162,	163,	134,	128,	124,	105,	102,	128,	97,	103,	111,	154,	37,	10,	131,	37,	108,	4,	0,	0,	0,	0,	0,	0,	0,	0,	0,	
d=3:	0,	69,	112,	113,	855,	484,	840,	595,	375,	562,	573,	519,	255,	732,	635,	585,	602,	600,	607,	593,	571,	548,	499,	500,	469,	456,	385,	375,	331,	297,	259,	229,	195,	169,	164,	129,	133,	121,	116,	111,	94,	75,	87,	85,	80,	71,	57,	75,	59,	60,	49,	114,	108,	28,	148,	45,	-93,	-56,	0,	0,	0,	0,	0,	0,	0,	
d=4:	0,	117,	156,	318,	797,	670,	357,	319,	636,	602,	857,	384,	523,	420,	575,	724,	479,	547,	551,	640,	615,	551,	559,	525,	450,	416,	395,	367,	324,	283,	237,	203,	182,	193,	164,	155,	145,	121,	130,	124,	94,	109,	91,	88,	59,	75,	77,	76,	143,	51,	96,	34,	73,	-56,	0,	82,	0,	0,	0,	0,	0,	0,	0,	0,	0,	
d=5:	0,	6,	206,	658,	639,	437,	700,	130,	580,	484,	604,	743,	761,	512,	556,	654,	517,	545,	585,	592,	619,	537,	557,	456,	436,	411,	368,	328,	294,	259,	222,	203,	168,	146,	142,	133,	112,	125,	112,	104,	100,	86,	79,	89,	108,	99,	82,	55,	61,	17,	42,	16,	80,	29,	0,	0,	0,	0,	0,	0,	0,	0,	0,	0,	0,	
d=6:	0,	-9,	-3,	0,	139,	0,	243,	400,	660,	449,	563,	442,	648,	299,	442,	398,	369,	453,	427,	552,	555,	532,	489,	471,	448,	382,	392,	325,	286,	257,	231,	198,	149,	144,	133,	119,	133,	119,	107,	95,	125,	115,	91,	91,	97,	91,	126,	97,	128,	53,	53,	50,	70,	108,	1,	-41,	197,	0,	0,	0,	0,	0,	0,	0,	0,	
d=7:	0,	65,	-32,	0,	-158,	544,	471,	470,	225,	539,	520,	561,	362,	397,	389,	553,	371,	532,	503,	418,	462,	494,	454,	443,	414,	362,	351,	334,	293,	246,	213,	202,	166,	155,	136,	135,	129,	133,	139,	120,	100,	106,	125,	135,	157,	169,	213,	73,	168,	159,	31,	107,	519,	-30,	0,	0,	0,	0,	0,	0,	0,	0,	0,	0,	0,	
d=8:	0,	7,	15,	362,	412,	0,	0,	0,	0,	0,	203,	702,	93,	324,	497,	380,	464,	422,	320,	320,	364,	354,	530,	371,	372,	329,	371,	269,	250,	197,	191,	169,	126,	143,	128,	165,	124,	146,	116,	120,	127,	126,	90,	140,	54,	292,	439,	185,	100,	29,	39,	32,	30,	28,	0,	0,	0,	0,	0,	0,	0,	0,	0,	0,	0,	
d=9:	0,	-39,	0,	0,	0,	0,	0,	0,	0,	0,	550,	0,	279,	261,	211,	242,	339,	297,	451,	550,	448,	567,	509,	434,	406,	395,	357,	317,	281,	209,	229,	189,	168,	202,	193,	165,	224,	239,	183,	235,	146,	168,	193,	240,	270,	350,	626,	436,	228,	57,	15,	84,	32,	0,	32,	0,	0,	0,	0,	0,	0,	0,	0,	0,	0,	
~98% quantile
d=0:	0,	-595,	-257,	-10,	0,	0,	0,	0,	0,	-663,	-240,	444,	398,	760,	-242,	-561,	-568,	-274,	-522,	-372,	-127,	-62,	-273,	-374,	-300,	-359,	-322,	-309,	-353,	-380,	-391,	-345,	-319,	-396,	-400,	-396,	-360,	-358,	-185,	-385,	-321,	-479,	-235,	-271,	-141,	-365,	-183,	-361,	-189,	-75,	0,	-16,	28,	0,	0,	0,	0,	0,	0,	0,	0,	0,	0,	0,	0,	
d=1:	0,	-375,	-485,	-629,	274,	73,	923,	-355,	-384,	434,	227,	-108,	-415,	-627,	-100,	-472,	-93,	-207,	-45,	-146,	-132,	-118,	-141,	-171,	-223,	-234,	-282,	-293,	-320,	-349,	-355,	-356,	-362,	-372,	-353,	-336,	-313,	-314,	-285,	-266,	-251,	-269,	-246,	-238,	-216,	-204,	-194,	-150,	-248,	-161,	-107,	-105,	-276,	-110,	-228,	46,	-112,	45,	-244,	-67,	0,	0,	0,	0,	0,	
d=2:	0,	-444,	-286,	-664,	69,	-294,	-397,	0,	89,	-482,	173,	-102,	-200,	-120,	-471,	-355,	-93,	-114,	-97,	-147,	-177,	-148,	-197,	-208,	-216,	-249,	-263,	-271,	-283,	-305,	-310,	-327,	-327,	-332,	-342,	-315,	-313,	-290,	-311,	-268,	-276,	-251,	-240,	-216,	-228,	-184,	-179,	-182,	-215,	-426,	-92,	-139,	-222,	-13,	91,	-124,	0,	0,	0,	0,	0,	0,	0,	0,	0,	
d=3:	0,	-489,	-311,	-387,	225,	-530,	641,	-94,	-257,	-82,	196,	-355,	-387,	-571,	-436,	-79,	-193,	-295,	-271,	-281,	-160,	-258,	-224,	-259,	-263,	-283,	-308,	-335,	-346,	-355,	-359,	-362,	-358,	-333,	-324,	-313,	-328,	-323,	-243,	-274,	-254,	-193,	-256,	-252,	-248,	-206,	-146,	-144,	-123,	-118,	-89,	-152,	-241,	-125,	-116,	-33,	-93,	-56,	0,	0,	0,	0,	0,	0,	0,	
d=4:	0,	-445,	-362,	-552,	83,	29,	-326,	-468,	-21,	-110,	645,	-313,	-158,	-462,	-259,	-148,	-278,	-249,	-264,	-265,	-242,	-227,	-267,	-219,	-328,	-300,	-334,	-323,	-351,	-350,	-341,	-370,	-348,	-346,	-331,	-364,	-313,	-288,	-287,	-255,	-260,	-267,	-268,	-198,	-178,	-212,	-110,	-295,	-281,	-168,	-195,	-75,	27,	-56,	0,	82,	0,	0,	0,	0,	0,	0,	0,	0,	0,	
d=5:	0,	-352,	-376,	-185,	-160,	-213,	141,	-447,	-153,	278,	-54,	48,	-420,	-228,	-253,	-618,	-393,	-365,	-221,	-303,	-183,	-387,	-279,	-368,	-371,	-374,	-344,	-355,	-377,	-374,	-377,	-403,	-378,	-319,	-332,	-341,	-299,	-322,	-296,	-290,	-264,	-236,	-226,	-261,	-266,	-330,	-208,	-246,	-138,	-215,	-64,	-294,	-51,	-203,	0,	0,	0,	0,	0,	0,	0,	0,	0,	0,	0,	
d=6:	0,	-291,	-35,	0,	139,	0,	31,	-122,	461,	92,	-159,	-92,	133,	-503,	-382,	-525,	-360,	-364,	-425,	-249,	-316,	-288,	-227,	-303,	-330,	-395,	-365,	-345,	-350,	-356,	-369,	-367,	-362,	-336,	-318,	-287,	-312,	-290,	-321,	-291,	-325,	-266,	-187,	-185,	-210,	-285,	-311,	-405,	-341,	1,	-186,	-126,	-183,	-70,	-80,	-177,	197,	0,	0,	0,	0,	0,	0,	0,	0,	
d=7:	0,	-738,	-342,	0,	-158,	290,	3,	4,	49,	159,	259,	88,	20,	-59,	-124,	-165,	-308,	-210,	-325,	-563,	-297,	-287,	-257,	-320,	-312,	-342,	-368,	-415,	-377,	-420,	-414,	-394,	-389,	-372,	-334,	-364,	-310,	-401,	-337,	-304,	-303,	-287,	-318,	-270,	-380,	-381,	-433,	-56,	-329,	-395,	-64,	11,	519,	-150,	0,	0,	0,	0,	0,	0,	0,	0,	0,	0,	0,	
d=8:	0,	-142,	15,	262,	412,	0,	0,	0,	0,	0,	-522,	702,	-795,	-575,	-386,	-488,	-124,	-239,	-444,	-414,	-399,	-307,	-239,	-407,	-358,	-400,	-386,	-385,	-355,	-408,	-361,	-340,	-313,	-338,	-331,	-393,	-336,	-449,	-238,	-277,	-316,	-363,	-359,	-522,	-111,	-659,	-646,	-620,	-221,	-116,	-90,	32,	26,	28,	0,	0,	0,	0,	0,	0,	0,	0,	0,	0,	0,	
d=9:	0,	-410,	0,	0,	0,	0,	0,	0,	0,	0,	241,	0,	279,	-382,	-249,	-200,	189,	-229,	-37,	-84,	-165,	-383,	-149,	-327,	-313,	-371,	-403,	-339,	-372,	-396,	-367,	-368,	-333,	-343,	-360,	-303,	-342,	-354,	-294,	-321,	-304,	-319,	-359,	-454,	-492,	-523,	-282,	-422,	-506,	23,	15,	64,	32,	0,	32,	0,	0,	0,	0,	0,	0,	0,	0,	0,	0,	
number of samples
d=0:	0,	22,	7,	2,	0,	0,	0,	0,	0,	3,	3,	2,	1,	1,	5,	6,	7,	11,	8,	26,	19,	28,	40,	52,	67,	84,	109,	151,	143,	151,	182,	217,	234,	191,	174,	184,	141,	128,	123,	108,	89,	93,	50,	57,	25,	12,	15,	7,	7,	4,	0,	2,	1,	0,	0,	0,	0,	0,	0,	0,	0,	0,	0,	0,	0,	
d=1:	0,	601,	109,	10,	2,	4,	1,	3,	6,	4,	11,	9,	12,	13,	30,	42,	70,	85,	106,	178,	277,	342,	492,	662,	815,	1034,	1312,	1593,	1839,	2128,	2406,	2485,	2625,	2737,	2596,	2582,	2472,	2264,	2014,	1733,	1518,	1212,	1022,	799,	599,	489,	319,	229,	138,	100,	77,	30,	24,	16,	11,	1,	2,	1,	2,	1,	0,	0,	0,	0,	0,	
d=2:	0,	177,	29,	11,	8,	2,	5,	0,	5,	10,	12,	10,	14,	13,	24,	28,	45,	68,	92,	131,	214,	285,	375,	476,	555,	789,	946,	1078,	1253,	1366,	1488,	1527,	1521,	1456,	1391,	1194,	1206,	1046,	867,	742,	610,	480,	392,	274,	195,	153,	119,	78,	62,	29,	20,	9,	7,	5,	3,	4,	0,	0,	0,	0,	0,	0,	0,	0,	0,	
d=3:	0,	91,	23,	5,	2,	3,	5,	4,	4,	10,	6,	8,	9,	14,	31,	26,	36,	74,	90,	135,	173,	253,	347,	425,	578,	671,	828,	934,	1130,	1251,	1299,	1357,	1355,	1339,	1276,	1205,	1184,	972,	865,	685,	605,	464,	376,	275,	197,	148,	118,	83,	49,	33,	19,	9,	11,	5,	2,	2,	1,	1,	0,	0,	0,	0,	0,	0,	0,	
d=4:	0,	67,	16,	4,	3,	5,	8,	3,	5,	3,	3,	12,	12,	14,	15,	35,	36,	58,	82,	95,	125,	187,	257,	329,	386,	468,	584,	674,	739,	811,	915,	901,	904,	928,	840,	757,	701,	636,	499,	469,	369,	332,	228,	166,	127,	104,	60,	46,	22,	19,	12,	4,	3,	1,	0,	1,	0,	0,	0,	0,	0,	0,	0,	0,	0,	
d=5:	0,	42,	7,	3,	5,	4,	6,	2,	9,	5,	9,	5,	16,	13,	19,	25,	28,	40,	48,	67,	111,	131,	217,	239,	342,	407,	467,	583,	678,	752,	814,	815,	870,	854,	785,	706,	679,	578,	518,	459,	336,	280,	194,	141,	145,	98,	63,	56,	37,	15,	11,	6,	5,	3,	0,	0,	0,	0,	0,	0,	0,	0,	0,	0,	0,	
d=6:	0,	38,	4,	0,	1,	0,	2,	2,	3,	9,	4,	7,	6,	10,	13,	18,	19,	34,	45,	51,	61,	109,	132,	190,	229,	229,	343,	407,	479,	519,	573,	573,	529,	586,	504,	540,	457,	430,	375,	310,	275,	226,	177,	117,	97,	56,	30,	24,	20,	9,	12,	6,	2,	2,	3,	2,	1,	0,	0,	0,	0,	0,	0,	0,	0,	
d=7:	0,	16,	8,	0,	1,	2,	2,	2,	2,	4,	9,	10,	5,	8,	8,	15,	18,	22,	32,	28,	48,	74,	111,	119,	176,	205,	253,	308,	349,	392,	439,	485,	434,	420,	422,	397,	342,	321,	260,	201,	174,	160,	118,	76,	63,	47,	35,	24,	15,	15,	4,	3,	1,	3,	0,	0,	0,	0,	0,	0,	0,	0,	0,	0,	0,	
d=8:	0,	4,	1,	2,	1,	0,	0,	0,	0,	0,	3,	1,	4,	4,	6,	10,	7,	11,	17,	19,	27,	46,	67,	77,	97,	100,	150,	180,	184,	228,	267,	253,	292,	310,	246,	252,	233,	194,	185,	131,	124,	126,	77,	60,	38,	21,	15,	18,	8,	7,	9,	2,	2,	1,	0,	0,	0,	0,	0,	0,	0,	0,	0,	0,	0,	
d=9:	0,	4,	0,	0,	0,	0,	0,	0,	0,	0,	2,	0,	1,	5,	6,	7,	12,	11,	11,	7,	11,	20,	26,	38,	43,	59,	90,	97,	115,	130,	146,	135,	123,	123,	145,	156,	135,	125,	110,	92,	97,	65,	42,	37,	33,	19,	6,	8,	6,	2,	1,	2,	1,	0,	1,	0,	0,	0,	0,	0,	0,	0,	0,	0,	0,	
------------------------------------
piece type = queen

mean difference between current beta and lazy eval
d=0:	0,	77,	97,	100,	104,	96,	103,	109,	101,	98,	96,	113,	110,	90,	71,	153,	112,	112,	185,	0,	0,	0,	0,	0,	0,	0,	0,	0,	0,	0,	0,	0,	0,	0,	0,	0,	0,	0,	0,	0,	0,	0,	0,	0,	0,	0,	0,	0,	0,	0,	0,	0,	0,	0,	0,	0,	0,	0,	0,	0,	0,	0,	0,	0,	0,	
d=1:	0,	82,	87,	83,	82,	83,	80,	82,	82,	77,	76,	74,	74,	83,	81,	73,	60,	86,	75,	14,	51,	206,	0,	21,	0,	0,	0,	0,	0,	0,	0,	0,	0,	0,	0,	0,	0,	0,	0,	0,	0,	0,	0,	0,	0,	0,	0,	0,	0,	0,	0,	0,	0,	0,	0,	0,	0,	0,	0,	0,	0,	0,	0,	0,	0,	
d=2:	0,	114,	116,	117,	114,	117,	118,	117,	112,	123,	120,	116,	118,	102,	109,	117,	65,	77,	-15,	134,	-44,	-94,	0,	0,	0,	0,	0,	0,	0,	0,	0,	0,	0,	0,	0,	0,	0,	0,	0,	0,	0,	0,	0,	0,	0,	0,	0,	0,	0,	0,	0,	0,	0,	0,	0,	0,	0,	0,	0,	0,	0,	0,	0,	0,	0,	
d=3:	0,	114,	109,	103,	99,	105,	104,	104,	103,	108,	93,	95,	90,	96,	76,	78,	91,	135,	72,	132,	124,	25,	0,	0,	0,	0,	0,	0,	0,	0,	0,	0,	0,	0,	0,	0,	0,	0,	0,	0,	0,	0,	0,	0,	0,	0,	0,	0,	0,	0,	0,	0,	0,	0,	0,	0,	0,	0,	0,	0,	0,	0,	0,	0,	0,	
d=4:	0,	122,	112,	108,	109,	106,	107,	99,	105,	103,	97,	107,	82,	89,	93,	86,	57,	51,	102,	49,	-42,	41,	0,	0,	0,	0,	0,	0,	0,	0,	0,	0,	0,	0,	0,	0,	0,	0,	0,	0,	0,	0,	0,	0,	0,	0,	0,	0,	0,	0,	0,	0,	0,	0,	0,	0,	0,	0,	0,	0,	0,	0,	0,	0,	0,	
d=5:	0,	105,	97,	98,	96,	96,	100,	88,	110,	100,	101,	97,	95,	88,	96,	52,	76,	141,	46,	-7,	0,	-119,	-119,	0,	0,	0,	0,	0,	0,	0,	0,	0,	0,	0,	0,	0,	0,	0,	0,	0,	0,	0,	0,	0,	0,	0,	0,	0,	0,	0,	0,	0,	0,	0,	0,	0,	0,	0,	0,	0,	0,	0,	0,	0,	0,	
d=6:	0,	106,	108,	97,	93,	96,	97,	98,	94,	98,	97,	101,	96,	91,	94,	23,	71,	87,	47,	166,	49,	197,	0,	0,	0,	0,	0,	0,	0,	0,	0,	0,	0,	0,	0,	0,	0,	0,	0,	0,	0,	0,	0,	0,	0,	0,	0,	0,	0,	0,	0,	0,	0,	0,	0,	0,	0,	0,	0,	0,	0,	0,	0,	0,	0,	
d=7:	0,	110,	93,	92,	94,	97,	100,	95,	97,	103,	97,	91,	93,	72,	63,	135,	51,	99,	190,	197,	0,	0,	0,	0,	0,	0,	0,	0,	0,	0,	0,	0,	0,	0,	0,	0,	0,	0,	0,	0,	0,	0,	0,	0,	0,	0,	0,	0,	0,	0,	0,	0,	0,	0,	0,	0,	0,	0,	0,	0,	0,	0,	0,	0,	0,	
d=8:	0,	94,	97,	95,	88,	93,	99,	95,	82,	107,	110,	86,	94,	83,	97,	63,	5,	74,	-46,	68,	0,	0,	0,	68,	0,	0,	0,	0,	0,	0,	0,	0,	0,	0,	0,	0,	0,	0,	0,	0,	0,	0,	0,	0,	0,	0,	0,	0,	0,	0,	0,	0,	0,	0,	0,	0,	0,	0,	0,	0,	0,	0,	0,	0,	0,	
d=9:	0,	152,	137,	127,	126,	133,	134,	125,	121,	121,	134,	134,	106,	67,	63,	78,	7,	10,	0,	0,	0,	0,	0,	0,	0,	0,	0,	0,	0,	0,	0,	0,	0,	0,	0,	0,	0,	0,	0,	0,	0,	0,	0,	0,	0,	0,	0,	0,	0,	0,	0,	0,	0,	0,	0,	0,	0,	0,	0,	0,	0,	0,	0,	0,	0,	
~98% quantile
d=0:	0,	-288,	-262,	-276,	-266,	-263,	-253,	-253,	-252,	-212,	-248,	-234,	-236,	-240,	-222,	-207,	-206,	-80,	185,	0,	0,	0,	0,	0,	0,	0,	0,	0,	0,	0,	0,	0,	0,	0,	0,	0,	0,	0,	0,	0,	0,	0,	0,	0,	0,	0,	0,	0,	0,	0,	0,	0,	0,	0,	0,	0,	0,	0,	0,	0,	0,	0,	0,	0,	0,	
d=1:	0,	-256,	-239,	-235,	-230,	-231,	-228,	-223,	-227,	-227,	-234,	-241,	-244,	-245,	-244,	-287,	-332,	-284,	-242,	-299,	-172,	-205,	0,	21,	0,	0,	0,	0,	0,	0,	0,	0,	0,	0,	0,	0,	0,	0,	0,	0,	0,	0,	0,	0,	0,	0,	0,	0,	0,	0,	0,	0,	0,	0,	0,	0,	0,	0,	0,	0,	0,	0,	0,	0,	0,	
d=2:	0,	-229,	-217,	-218,	-220,	-219,	-217,	-228,	-217,	-229,	-232,	-216,	-248,	-228,	-247,	-231,	-242,	-294,	-275,	-105,	-178,	-94,	0,	0,	0,	0,	0,	0,	0,	0,	0,	0,	0,	0,	0,	0,	0,	0,	0,	0,	0,	0,	0,	0,	0,	0,	0,	0,	0,	0,	0,	0,	0,	0,	0,	0,	0,	0,	0,	0,	0,	0,	0,	0,	0,	
d=3:	0,	-219,	-221,	-222,	-217,	-223,	-225,	-224,	-229,	-241,	-223,	-223,	-233,	-249,	-258,	-235,	-354,	-278,	-112,	-149,	-68,	-63,	0,	0,	0,	0,	0,	0,	0,	0,	0,	0,	0,	0,	0,	0,	0,	0,	0,	0,	0,	0,	0,	0,	0,	0,	0,	0,	0,	0,	0,	0,	0,	0,	0,	0,	0,	0,	0,	0,	0,	0,	0,	0,	0,	
d=4:	0,	-232,	-222,	-228,	-220,	-221,	-223,	-226,	-232,	-235,	-237,	-256,	-288,	-251,	-291,	-257,	-268,	-342,	-228,	-119,	-42,	41,	0,	0,	0,	0,	0,	0,	0,	0,	0,	0,	0,	0,	0,	0,	0,	0,	0,	0,	0,	0,	0,	0,	0,	0,	0,	0,	0,	0,	0,	0,	0,	0,	0,	0,	0,	0,	0,	0,	0,	0,	0,	0,	0,	
d=5:	0,	-227,	-206,	-220,	-216,	-233,	-242,	-228,	-238,	-253,	-243,	-243,	-256,	-267,	-318,	-301,	-235,	-474,	-280,	-76,	0,	-119,	-119,	0,	0,	0,	0,	0,	0,	0,	0,	0,	0,	0,	0,	0,	0,	0,	0,	0,	0,	0,	0,	0,	0,	0,	0,	0,	0,	0,	0,	0,	0,	0,	0,	0,	0,	0,	0,	0,	0,	0,	0,	0,	0,	
d=6:	0,	-230,	-222,	-225,	-234,	-235,	-225,	-231,	-237,	-240,	-240,	-254,	-263,	-315,	-300,	-204,	-175,	-113,	-178,	99,	49,	197,	0,	0,	0,	0,	0,	0,	0,	0,	0,	0,	0,	0,	0,	0,	0,	0,	0,	0,	0,	0,	0,	0,	0,	0,	0,	0,	0,	0,	0,	0,	0,	0,	0,	0,	0,	0,	0,	0,	0,	0,	0,	0,	0,	
d=7:	0,	-250,	-242,	-245,	-245,	-275,	-278,	-256,	-258,	-251,	-259,	-270,	-286,	-196,	-218,	-421,	-166,	-156,	19,	-39,	0,	0,	0,	0,	0,	0,	0,	0,	0,	0,	0,	0,	0,	0,	0,	0,	0,	0,	0,	0,	0,	0,	0,	0,	0,	0,	0,	0,	0,	0,	0,	0,	0,	0,	0,	0,	0,	0,	0,	0,	0,	0,	0,	0,	0,	
d=8:	0,	-237,	-240,	-244,	-245,	-254,	-250,	-255,	-224,	-265,	-290,	-207,	-211,	-228,	-131,	-157,	-94,	62,	-46,	68,	0,	0,	0,	68,	0,	0,	0,	0,	0,	0,	0,	0,	0,	0,	0,	0,	0,	0,	0,	0,	0,	0,	0,	0,	0,	0,	0,	0,	0,	0,	0,	0,	0,	0,	0,	0,	0,	0,	0,	0,	0,	0,	0,	0,	0,	
d=9:	0,	-288,	-288,	-292,	-294,	-295,	-312,	-290,	-305,	-267,	-332,	-289,	-287,	-156,	-135,	-238,	0,	10,	0,	0,	0,	0,	0,	0,	0,	0,	0,	0,	0,	0,	0,	0,	0,	0,	0,	0,	0,	0,	0,	0,	0,	0,	0,	0,	0,	0,	0,	0,	0,	0,	0,	0,	0,	0,	0,	0,	0,	0,	0,	0,	0,	0,	0,	0,	0,	
number of samples
d=0:	0,	1478,	1376,	1291,	1144,	1021,	902,	656,	487,	380,	252,	144,	104,	58,	28,	25,	5,	3,	1,	0,	0,	0,	0,	0,	0,	0,	0,	0,	0,	0,	0,	0,	0,	0,	0,	0,	0,	0,	0,	0,	0,	0,	0,	0,	0,	0,	0,	0,	0,	0,	0,	0,	0,	0,	0,	0,	0,	0,	0,	0,	0,	0,	0,	0,	0,	
d=1:	0,	17309,	18437,	19907,	19245,	17193,	14777,	12338,	9268,	6852,	4848,	3060,	1943,	1174,	667,	358,	184,	89,	39,	20,	8,	4,	0,	1,	0,	0,	0,	0,	0,	0,	0,	0,	0,	0,	0,	0,	0,	0,	0,	0,	0,	0,	0,	0,	0,	0,	0,	0,	0,	0,	0,	0,	0,	0,	0,	0,	0,	0,	0,	0,	0,	0,	0,	0,	0,	
d=2:	0,	9492,	9936,	10066,	9618,	8360,	6876,	5895,	4514,	3277,	2152,	1506,	943,	587,	318,	167,	106,	51,	19,	7,	3,	1,	0,	0,	0,	0,	0,	0,	0,	0,	0,	0,	0,	0,	0,	0,	0,	0,	0,	0,	0,	0,	0,	0,	0,	0,	0,	0,	0,	0,	0,	0,	0,	0,	0,	0,	0,	0,	0,	0,	0,	0,	0,	0,	0,	
d=3:	0,	7225,	8126,	8361,	8108,	6963,	5944,	4726,	3609,	2511,	1801,	1205,	730,	453,	264,	123,	63,	22,	11,	2,	4,	2,	0,	0,	0,	0,	0,	0,	0,	0,	0,	0,	0,	0,	0,	0,	0,	0,	0,	0,	0,	0,	0,	0,	0,	0,	0,	0,	0,	0,	0,	0,	0,	0,	0,	0,	0,	0,	0,	0,	0,	0,	0,	0,	0,	
d=4:	0,	4691,	5292,	5358,	5093,	4524,	3993,	3049,	2451,	1730,	1120,	739,	456,	267,	166,	65,	39,	22,	2,	5,	1,	1,	0,	0,	0,	0,	0,	0,	0,	0,	0,	0,	0,	0,	0,	0,	0,	0,	0,	0,	0,	0,	0,	0,	0,	0,	0,	0,	0,	0,	0,	0,	0,	0,	0,	0,	0,	0,	0,	0,	0,	0,	0,	0,	0,	
d=5:	0,	4485,	4782,	4950,	4489,	3901,	3171,	2519,	1915,	1371,	883,	613,	369,	238,	135,	65,	35,	18,	11,	4,	0,	1,	1,	0,	0,	0,	0,	0,	0,	0,	0,	0,	0,	0,	0,	0,	0,	0,	0,	0,	0,	0,	0,	0,	0,	0,	0,	0,	0,	0,	0,	0,	0,	0,	0,	0,	0,	0,	0,	0,	0,	0,	0,	0,	0,	
d=6:	0,	3367,	3553,	3610,	3225,	2803,	2289,	1759,	1368,	957,	630,	378,	230,	124,	85,	36,	23,	6,	7,	2,	1,	1,	0,	0,	0,	0,	0,	0,	0,	0,	0,	0,	0,	0,	0,	0,	0,	0,	0,	0,	0,	0,	0,	0,	0,	0,	0,	0,	0,	0,	0,	0,	0,	0,	0,	0,	0,	0,	0,	0,	0,	0,	0,	0,	0,	
d=7:	0,	2409,	2518,	2428,	2228,	2007,	1611,	1319,	994,	687,	482,	279,	182,	106,	62,	30,	15,	4,	4,	2,	0,	0,	0,	0,	0,	0,	0,	0,	0,	0,	0,	0,	0,	0,	0,	0,	0,	0,	0,	0,	0,	0,	0,	0,	0,	0,	0,	0,	0,	0,	0,	0,	0,	0,	0,	0,	0,	0,	0,	0,	0,	0,	0,	0,	0,	
d=8:	0,	1457,	1559,	1460,	1324,	1140,	957,	724,	529,	389,	261,	158,	96,	52,	34,	14,	9,	2,	1,	1,	0,	0,	0,	1,	0,	0,	0,	0,	0,	0,	0,	0,	0,	0,	0,	0,	0,	0,	0,	0,	0,	0,	0,	0,	0,	0,	0,	0,	0,	0,	0,	0,	0,	0,	0,	0,	0,	0,	0,	0,	0,	0,	0,	0,	0,	
d=9:	0,	770,	873,	840,	741,	634,	531,	420,	296,	211,	146,	78,	55,	31,	22,	6,	2,	1,	0,	0,	0,	0,	0,	0,	0,	0,	0,	0,	0,	0,	0,	0,	0,	0,	0,	0,	0,	0,	0,	0,	0,	0,	0,	0,	0,	0,	0,	0,	0,	0,	0,	0,	0,	0,	0,	0,	0,	0,	0,	0,	0,	0,	0,	0,	0,	
------------------------------------
piece type = rook

mean difference between current beta and lazy eval
d=0:	0,	480,	497,	390,	272,	210,	170,	173,	137,	133,	126,	141,	144,	131,	154,	100,	146,	123,	148,	165,	140,	226,	153,	107,	334,	0,	192,	584,	-12,	0,	0,	0,	0,	0,	0,	0,	0,	0,	0,	0,	0,	0,	0,	0,	0,	0,	0,	0,	0,	0,	0,	0,	0,	0,	0,	0,	0,	0,	0,	0,	0,	0,	0,	0,	0,	
d=1:	0,	401,	527,	484,	355,	257,	189,	153,	138,	114,	105,	97,	92,	90,	92,	93,	87,	86,	82,	91,	99,	81,	93,	96,	85,	123,	107,	135,	69,	159,	204,	192,	0,	0,	0,	0,	0,	28,	0,	0,	0,	0,	0,	0,	0,	0,	0,	0,	0,	0,	0,	0,	0,	0,	0,	0,	0,	0,	0,	0,	0,	0,	0,	0,	0,	
d=2:	0,	532,	578,	521,	384,	293,	224,	185,	173,	156,	141,	141,	137,	136,	132,	141,	134,	145,	124,	139,	137,	122,	136,	132,	139,	143,	102,	131,	175,	185,	259,	300,	0,	0,	0,	0,	0,	0,	0,	0,	0,	0,	0,	0,	0,	0,	0,	0,	0,	0,	0,	0,	0,	0,	0,	0,	0,	0,	0,	0,	0,	0,	0,	0,	0,	
d=3:	0,	559,	567,	470,	337,	250,	185,	163,	148,	134,	130,	120,	123,	120,	114,	105,	112,	127,	117,	93,	125,	113,	102,	102,	84,	87,	212,	230,	389,	226,	149,	0,	286,	0,	0,	0,	0,	0,	0,	0,	0,	0,	0,	0,	0,	0,	0,	0,	0,	0,	0,	0,	0,	0,	0,	0,	0,	0,	0,	0,	0,	0,	0,	0,	0,	
d=4:	0,	582,	566,	466,	340,	247,	200,	164,	158,	139,	128,	123,	131,	114,	107,	115,	120,	103,	121,	142,	111,	129,	91,	132,	90,	63,	-29,	-56,	0,	-12,	0,	-81,	0,	0,	0,	0,	0,	0,	0,	0,	0,	0,	0,	0,	0,	0,	0,	0,	0,	0,	0,	0,	0,	0,	0,	0,	0,	0,	0,	0,	0,	0,	0,	0,	0,	
d=5:	0,	560,	510,	415,	278,	215,	161,	151,	132,	131,	127,	122,	124,	112,	111,	122,	116,	100,	104,	138,	136,	156,	127,	238,	193,	227,	160,	523,	0,	-115,	0,	0,	0,	0,	0,	0,	0,	0,	0,	0,	0,	0,	0,	0,	0,	0,	0,	0,	0,	0,	0,	0,	0,	0,	0,	0,	0,	0,	0,	0,	0,	0,	0,	0,	0,	
d=6:	0,	556,	457,	353,	237,	200,	168,	144,	140,	134,	118,	126,	122,	116,	115,	100,	104,	126,	138,	131,	108,	154,	150,	155,	200,	166,	112,	150,	0,	-109,	0,	197,	0,	0,	0,	0,	0,	0,	0,	0,	0,	0,	0,	0,	0,	0,	0,	0,	0,	0,	0,	0,	0,	0,	0,	0,	0,	0,	0,	0,	0,	0,	0,	0,	0,	
d=7:	0,	567,	490,	345,	279,	201,	165,	155,	149,	145,	132,	118,	144,	138,	133,	93,	125,	115,	144,	130,	150,	186,	199,	203,	452,	216,	2,	-64,	-109,	0,	0,	0,	0,	0,	0,	0,	0,	0,	0,	0,	0,	0,	0,	0,	0,	0,	0,	0,	0,	0,	0,	0,	0,	0,	0,	0,	0,	0,	0,	0,	0,	0,	0,	0,	0,	
d=8:	0,	554,	441,	308,	226,	166,	146,	139,	136,	127,	119,	127,	132,	122,	99,	128,	151,	94,	115,	157,	177,	141,	121,	101,	304,	-29,	0,	0,	0,	0,	0,	0,	0,	0,	0,	0,	0,	0,	0,	0,	0,	0,	0,	0,	0,	0,	0,	0,	0,	0,	0,	0,	0,	0,	0,	0,	0,	0,	0,	0,	0,	0,	0,	0,	0,	
d=9:	0,	585,	420,	343,	286,	232,	181,	182,	194,	192,	185,	218,	208,	201,	152,	183,	176,	166,	201,	195,	311,	329,	227,	255,	462,	639,	489,	0,	0,	0,	0,	0,	0,	0,	0,	0,	0,	0,	0,	0,	0,	0,	0,	0,	0,	0,	0,	0,	0,	0,	0,	0,	0,	0,	0,	0,	0,	0,	0,	0,	0,	0,	0,	0,	0,	
~98% quantile
d=0:	0,	-339,	-300,	-396,	-454,	-457,	-389,	-356,	-311,	-279,	-300,	-273,	-306,	-245,	-324,	-281,	-239,	-249,	-243,	-314,	-201,	-358,	-259,	-226,	-348,	0,	192,	584,	-12,	0,	0,	0,	0,	0,	0,	0,	0,	0,	0,	0,	0,	0,	0,	0,	0,	0,	0,	0,	0,	0,	0,	0,	0,	0,	0,	0,	0,	0,	0,	0,	0,	0,	0,	0,	0,	
d=1:	0,	-452,	-270,	-309,	-412,	-437,	-398,	-367,	-334,	-291,	-270,	-252,	-246,	-240,	-230,	-235,	-233,	-211,	-230,	-240,	-258,	-247,	-191,	-223,	-230,	-248,	-193,	-175,	-268,	-264,	-16,	12,	0,	0,	0,	0,	0,	28,	0,	0,	0,	0,	0,	0,	0,	0,	0,	0,	0,	0,	0,	0,	0,	0,	0,	0,	0,	0,	0,	0,	0,	0,	0,	0,	0,	
d=2:	0,	-282,	-173,	-256,	-383,	-399,	-378,	-337,	-315,	-299,	-260,	-239,	-225,	-220,	-230,	-235,	-218,	-225,	-206,	-219,	-204,	-219,	-179,	-193,	-196,	-133,	-214,	-192,	-111,	-157,	259,	300,	0,	0,	0,	0,	0,	0,	0,	0,	0,	0,	0,	0,	0,	0,	0,	0,	0,	0,	0,	0,	0,	0,	0,	0,	0,	0,	0,	0,	0,	0,	0,	0,	0,	
d=3:	0,	-238,	-192,	-306,	-408,	-405,	-369,	-334,	-321,	-284,	-268,	-247,	-245,	-227,	-231,	-235,	-242,	-232,	-202,	-206,	-258,	-308,	-153,	-181,	-150,	-276,	-514,	-263,	-458,	-120,	-271,	0,	286,	0,	0,	0,	0,	0,	0,	0,	0,	0,	0,	0,	0,	0,	0,	0,	0,	0,	0,	0,	0,	0,	0,	0,	0,	0,	0,	0,	0,	0,	0,	0,	0,	
d=4:	0,	-220,	-218,	-330,	-421,	-403,	-359,	-331,	-319,	-291,	-274,	-244,	-269,	-222,	-237,	-203,	-222,	-227,	-240,	-262,	-224,	-202,	-211,	-184,	-176,	-416,	-162,	-56,	0,	-12,	0,	-81,	0,	0,	0,	0,	0,	0,	0,	0,	0,	0,	0,	0,	0,	0,	0,	0,	0,	0,	0,	0,	0,	0,	0,	0,	0,	0,	0,	0,	0,	0,	0,	0,	0,	
d=5:	0,	-252,	-302,	-389,	-445,	-408,	-356,	-329,	-320,	-308,	-278,	-282,	-263,	-255,	-271,	-206,	-246,	-237,	-256,	-225,	-273,	-323,	-299,	-332,	-377,	-250,	-186,	70,	0,	-115,	0,	0,	0,	0,	0,	0,	0,	0,	0,	0,	0,	0,	0,	0,	0,	0,	0,	0,	0,	0,	0,	0,	0,	0,	0,	0,	0,	0,	0,	0,	0,	0,	0,	0,	0,	
d=6:	0,	-224,	-331,	-402,	-410,	-399,	-355,	-344,	-347,	-287,	-256,	-287,	-272,	-252,	-253,	-246,	-254,	-260,	-276,	-262,	-256,	-243,	-146,	-187,	-233,	-148,	112,	-239,	0,	-109,	0,	197,	0,	0,	0,	0,	0,	0,	0,	0,	0,	0,	0,	0,	0,	0,	0,	0,	0,	0,	0,	0,	0,	0,	0,	0,	0,	0,	0,	0,	0,	0,	0,	0,	0,	
d=7:	0,	-261,	-329,	-455,	-465,	-441,	-406,	-394,	-370,	-373,	-332,	-322,	-296,	-323,	-313,	-260,	-317,	-236,	-304,	-285,	-322,	-330,	-391,	-435,	-400,	-496,	2,	-154,	-109,	0,	0,	0,	0,	0,	0,	0,	0,	0,	0,	0,	0,	0,	0,	0,	0,	0,	0,	0,	0,	0,	0,	0,	0,	0,	0,	0,	0,	0,	0,	0,	0,	0,	0,	0,	0,	
d=8:	0,	-209,	-330,	-441,	-456,	-383,	-355,	-352,	-328,	-326,	-308,	-295,	-292,	-287,	-293,	-280,	-337,	-250,	-261,	-208,	-330,	-230,	-120,	-105,	-282,	-29,	0,	0,	0,	0,	0,	0,	0,	0,	0,	0,	0,	0,	0,	0,	0,	0,	0,	0,	0,	0,	0,	0,	0,	0,	0,	0,	0,	0,	0,	0,	0,	0,	0,	0,	0,	0,	0,	0,	0,	
d=9:	0,	-200,	-352,	-443,	-405,	-389,	-365,	-363,	-373,	-395,	-360,	-333,	-310,	-369,	-315,	-368,	-351,	-395,	-361,	-306,	-473,	-552,	-499,	-501,	393,	333,	489,	0,	0,	0,	0,	0,	0,	0,	0,	0,	0,	0,	0,	0,	0,	0,	0,	0,	0,	0,	0,	0,	0,	0,	0,	0,	0,	0,	0,	0,	0,	0,	0,	0,	0,	0,	0,	0,	0,	
number of samples
d=0:	0,	335,	314,	302,	305,	396,	459,	422,	510,	462,	446,	396,	316,	234,	194,	147,	122,	79,	50,	37,	25,	13,	13,	2,	8,	0,	1,	1,	1,	0,	0,	0,	0,	0,	0,	0,	0,	0,	0,	0,	0,	0,	0,	0,	0,	0,	0,	0,	0,	0,	0,	0,	0,	0,	0,	0,	0,	0,	0,	0,	0,	0,	0,	0,	0,	
d=1:	0,	5646,	4806,	4658,	4653,	5306,	6180,	7224,	8111,	8591,	8766,	7943,	7010,	5951,	4757,	3631,	2742,	2012,	1390,	964,	643,	435,	283,	155,	126,	64,	31,	21,	18,	4,	7,	2,	0,	0,	0,	0,	0,	1,	0,	0,	0,	0,	0,	0,	0,	0,	0,	0,	0,	0,	0,	0,	0,	0,	0,	0,	0,	0,	0,	0,	0,	0,	0,	0,	0,	
d=2:	0,	3074,	3031,	2826,	2730,	3063,	3271,	3798,	4058,	4215,	3978,	3776,	3239,	2573,	1985,	1620,	1161,	850,	618,	390,	290,	184,	134,	71,	40,	42,	18,	9,	7,	3,	1,	1,	0,	0,	0,	0,	0,	0,	0,	0,	0,	0,	0,	0,	0,	0,	0,	0,	0,	0,	0,	0,	0,	0,	0,	0,	0,	0,	0,	0,	0,	0,	0,	0,	0,	
d=3:	0,	2178,	2188,	2214,	2291,	2598,	2877,	3268,	3530,	3602,	3492,	3070,	2518,	2034,	1572,	1212,	881,	623,	456,	296,	215,	129,	94,	55,	31,	19,	17,	10,	4,	3,	2,	0,	1,	0,	0,	0,	0,	0,	0,	0,	0,	0,	0,	0,	0,	0,	0,	0,	0,	0,	0,	0,	0,	0,	0,	0,	0,	0,	0,	0,	0,	0,	0,	0,	0,	
d=4:	0,	1409,	1524,	1518,	1487,	1730,	1933,	2147,	2307,	2273,	2121,	1928,	1546,	1294,	1003,	760,	581,	406,	325,	196,	120,	100,	44,	38,	17,	16,	8,	1,	0,	1,	0,	1,	0,	0,	0,	0,	0,	0,	0,	0,	0,	0,	0,	0,	0,	0,	0,	0,	0,	0,	0,	0,	0,	0,	0,	0,	0,	0,	0,	0,	0,	0,	0,	0,	0,	
d=5:	0,	1199,	1274,	1317,	1347,	1509,	1715,	1887,	2025,	1996,	1721,	1580,	1247,	996,	805,	576,	429,	313,	233,	148,	89,	76,	55,	39,	17,	13,	6,	4,	0,	1,	0,	0,	0,	0,	0,	0,	0,	0,	0,	0,	0,	0,	0,	0,	0,	0,	0,	0,	0,	0,	0,	0,	0,	0,	0,	0,	0,	0,	0,	0,	0,	0,	0,	0,	0,	
d=6:	0,	800,	854,	913,	937,	1148,	1218,	1363,	1411,	1358,	1259,	1060,	856,	700,	514,	369,	284,	193,	149,	107,	60,	54,	31,	17,	12,	8,	1,	2,	0,	1,	0,	1,	0,	0,	0,	0,	0,	0,	0,	0,	0,	0,	0,	0,	0,	0,	0,	0,	0,	0,	0,	0,	0,	0,	0,	0,	0,	0,	0,	0,	0,	0,	0,	0,	0,	
d=7:	0,	583,	624,	677,	754,	830,	894,	980,	981,	956,	801,	724,	587,	455,	316,	277,	195,	131,	114,	70,	48,	36,	31,	22,	6,	7,	1,	2,	1,	0,	0,	0,	0,	0,	0,	0,	0,	0,	0,	0,	0,	0,	0,	0,	0,	0,	0,	0,	0,	0,	0,	0,	0,	0,	0,	0,	0,	0,	0,	0,	0,	0,	0,	0,	0,	
d=8:	0,	310,	306,	373,	386,	495,	526,	580,	583,	580,	463,	437,	346,	273,	205,	164,	123,	86,	61,	38,	24,	12,	7,	4,	5,	1,	0,	0,	0,	0,	0,	0,	0,	0,	0,	0,	0,	0,	0,	0,	0,	0,	0,	0,	0,	0,	0,	0,	0,	0,	0,	0,	0,	0,	0,	0,	0,	0,	0,	0,	0,	0,	0,	0,	0,	
d=9:	0,	167,	162,	210,	233,	235,	284,	303,	327,	271,	273,	243,	209,	152,	117,	114,	76,	62,	47,	30,	18,	12,	7,	3,	2,	2,	1,	0,	0,	0,	0,	0,	0,	0,	0,	0,	0,	0,	0,	0,	0,	0,	0,	0,	0,	0,	0,	0,	0,	0,	0,	0,	0,	0,	0,	0,	0,	0,	0,	0,	0,	0,	0,	0,	0,	
------------------------------------
piece type = bishop

mean difference between current beta and lazy eval
d=0:	0,	26,	22,	1,	587,	489,	571,	589,	565,	474,	440,	452,	396,	344,	279,	288,	213,	173,	182,	153,	151,	145,	125,	135,	109,	99,	101,	102,	88,	89,	103,	101,	65,	54,	132,	102,	73,	129,	51,	31,	38,	50,	40,	32,	0,	0,	0,	0,	0,	0,	0,	0,	0,	0,	0,	0,	0,	0,	0,	0,	0,	0,	0,	0,	0,	
d=1:	0,	58,	66,	67,	479,	734,	710,	642,	594,	562,	518,	507,	444,	403,	362,	316,	289,	247,	209,	185,	159,	139,	122,	111,	97,	96,	85,	78,	71,	68,	62,	63,	62,	59,	59,	60,	58,	64,	58,	60,	59,	65,	78,	61,	43,	29,	12,	0,	0,	41,	50,	0,	0,	0,	0,	0,	0,	0,	0,	0,	0,	0,	0,	0,	0,	
d=2:	0,	80,	95,	143,	649,	705,	660,	639,	575,	573,	525,	493,	460,	420,	370,	333,	306,	281,	257,	227,	205,	183,	167,	156,	152,	136,	137,	123,	127,	123,	114,	103,	96,	101,	96,	92,	90,	103,	80,	105,	62,	85,	78,	67,	266,	0,	75,	0,	0,	0,	0,	0,	0,	0,	0,	0,	0,	0,	0,	0,	0,	0,	0,	0,	0,	
d=3:	0,	96,	81,	152,	547,	720,	695,	652,	571,	531,	487,	466,	420,	375,	324,	295,	251,	225,	190,	175,	149,	144,	124,	116,	113,	105,	102,	94,	91,	87,	79,	87,	86,	75,	69,	80,	76,	62,	110,	31,	90,	97,	119,	-73,	50,	27,	0,	0,	27,	0,	0,	0,	0,	0,	0,	0,	0,	0,	0,	0,	0,	0,	0,	0,	0,	
d=4:	0,	82,	71,	370,	668,	665,	701,	675,	583,	562,	489,	457,	412,	353,	343,	283,	250,	217,	203,	162,	157,	146,	126,	122,	116,	109,	95,	105,	83,	93,	88,	84,	74,	69,	76,	69,	104,	93,	78,	86,	40,	-6,	-3,	30,	0,	0,	0,	0,	0,	0,	0,	0,	0,	0,	0,	0,	0,	0,	0,	0,	0,	0,	0,	0,	0,	
d=5:	0,	65,	74,	347,	685,	712,	700,	622,	527,	500,	455,	386,	366,	286,	272,	238,	209,	190,	160,	148,	133,	120,	116,	120,	106,	98,	96,	98,	84,	78,	73,	79,	75,	75,	85,	73,	63,	78,	67,	57,	49,	93,	9,	69,	29,	0,	0,	33,	0,	0,	0,	0,	0,	0,	0,	0,	0,	0,	0,	0,	0,	0,	0,	0,	0,	
d=6:	0,	52,	45,	166,	349,	537,	619,	585,	518,	517,	452,	394,	337,	308,	281,	223,	211,	185,	166,	143,	139,	123,	114,	117,	106,	96,	108,	101,	96,	94,	101,	76,	74,	101,	79,	99,	85,	55,	105,	155,	45,	16,	33,	19,	34,	0,	197,	0,	0,	0,	0,	0,	0,	0,	0,	0,	0,	0,	0,	0,	0,	0,	0,	0,	0,	
d=7:	0,	68,	52,	501,	692,	634,	619,	523,	465,	472,	429,	361,	354,	283,	268,	219,	186,	174,	161,	133,	119,	114,	119,	118,	100,	93,	111,	100,	96,	97,	79,	107,	108,	100,	83,	209,	60,	161,	83,	18,	151,	33,	32,	102,	0,	33,	0,	0,	0,	0,	0,	0,	0,	0,	0,	0,	0,	0,	0,	0,	0,	0,	0,	0,	0,	
d=8:	0,	23,	71,	4,	478,	603,	491,	523,	501,	501,	359,	358,	308,	258,	244,	222,	191,	162,	138,	131,	134,	120,	116,	96,	110,	122,	100,	108,	92,	73,	84,	86,	149,	104,	74,	51,	146,	78,	117,	146,	117,	0,	0,	0,	0,	0,	0,	0,	0,	0,	0,	0,	0,	0,	0,	0,	0,	0,	0,	0,	0,	0,	0,	0,	0,	
d=9:	0,	8,	53,	295,	528,	615,	552,	669,	642,	531,	518,	419,	335,	272,	263,	217,	198,	183,	170,	173,	174,	158,	185,	175,	181,	160,	135,	156,	149,	182,	199,	223,	237,	230,	203,	128,	151,	140,	33,	49,	0,	0,	0,	0,	0,	0,	0,	0,	0,	0,	0,	0,	0,	0,	0,	0,	0,	0,	0,	0,	0,	0,	0,	0,	0,	
~98% quantile
d=0:	0,	-233,	-196,	-65,	-329,	-277,	-155,	-128,	-165,	-272,	-334,	-333,	-360,	-388,	-383,	-403,	-399,	-403,	-375,	-373,	-358,	-346,	-342,	-410,	-291,	-262,	-287,	-260,	-244,	-284,	-301,	-218,	-158,	-189,	-302,	-219,	-210,	-147,	-101,	-6,	38,	50,	40,	32,	0,	0,	0,	0,	0,	0,	0,	0,	0,	0,	0,	0,	0,	0,	0,	0,	0,	0,	0,	0,	0,	
d=1:	0,	-339,	-342,	-392,	-445,	-9,	-34,	-68,	-127,	-163,	-205,	-232,	-278,	-313,	-352,	-371,	-383,	-393,	-388,	-385,	-372,	-351,	-343,	-327,	-303,	-295,	-281,	-260,	-237,	-228,	-205,	-205,	-191,	-162,	-160,	-164,	-173,	-172,	-120,	-139,	-84,	-113,	-269,	-225,	-4,	-101,	-53,	0,	0,	41,	50,	0,	0,	0,	0,	0,	0,	0,	0,	0,	0,	0,	0,	0,	0,	
d=2:	0,	-325,	-340,	-525,	-269,	41,	-63,	-110,	-166,	-157,	-222,	-246,	-273,	-292,	-335,	-352,	-355,	-358,	-362,	-352,	-350,	-328,	-319,	-309,	-306,	-289,	-289,	-259,	-264,	-283,	-233,	-209,	-201,	-225,	-185,	-153,	-188,	-187,	-160,	-188,	-89,	-72,	-137,	11,	266,	0,	75,	0,	0,	0,	0,	0,	0,	0,	0,	0,	0,	0,	0,	0,	0,	0,	0,	0,	0,	
d=3:	0,	-351,	-328,	-515,	-222,	-29,	21,	-68,	-161,	-195,	-231,	-273,	-303,	-342,	-350,	-375,	-375,	-377,	-370,	-363,	-340,	-329,	-315,	-298,	-297,	-273,	-267,	-254,	-241,	-224,	-213,	-232,	-241,	-185,	-194,	-165,	-157,	-99,	-300,	-148,	-89,	-88,	-56,	-73,	1,	27,	0,	0,	27,	0,	0,	0,	0,	0,	0,	0,	0,	0,	0,	0,	0,	0,	0,	0,	0,	
d=4:	0,	-340,	-329,	-612,	-118,	-40,	-100,	-58,	-182,	-192,	-266,	-298,	-316,	-350,	-369,	-370,	-371,	-385,	-367,	-340,	-351,	-342,	-315,	-305,	-303,	-267,	-256,	-261,	-220,	-232,	-212,	-181,	-162,	-188,	-220,	-138,	-259,	-227,	-118,	-66,	-36,	-179,	-154,	30,	0,	0,	0,	0,	0,	0,	0,	0,	0,	0,	0,	0,	0,	0,	0,	0,	0,	0,	0,	0,	0,	
d=5:	0,	-315,	-327,	-575,	-155,	7,	-88,	-179,	-263,	-287,	-270,	-336,	-370,	-375,	-388,	-384,	-390,	-377,	-362,	-367,	-333,	-332,	-303,	-323,	-283,	-301,	-262,	-283,	-233,	-204,	-219,	-234,	-217,	-204,	-214,	-171,	-248,	-159,	-69,	-70,	-54,	-53,	-199,	-95,	29,	0,	0,	33,	0,	0,	0,	0,	0,	0,	0,	0,	0,	0,	0,	0,	0,	0,	0,	0,	0,	
d=6:	0,	-281,	-340,	-515,	-426,	-211,	-98,	-136,	-185,	-199,	-274,	-326,	-367,	-357,	-382,	-385,	-378,	-367,	-368,	-325,	-336,	-327,	-293,	-290,	-284,	-236,	-259,	-270,	-229,	-246,	-224,	-208,	-255,	-290,	-184,	-185,	-224,	-121,	-239,	-191,	-255,	16,	-184,	19,	34,	0,	197,	0,	0,	0,	0,	0,	0,	0,	0,	0,	0,	0,	0,	0,	0,	0,	0,	0,	0,	
d=7:	0,	-326,	-322,	-497,	-86,	-103,	-150,	-214,	-268,	-293,	-284,	-328,	-365,	-402,	-405,	-410,	-403,	-381,	-377,	-362,	-343,	-336,	-314,	-335,	-274,	-271,	-286,	-289,	-247,	-262,	-206,	-260,	-260,	-206,	-197,	-474,	-136,	-374,	-186,	-106,	-234,	33,	20,	-78,	0,	33,	0,	0,	0,	0,	0,	0,	0,	0,	0,	0,	0,	0,	0,	0,	0,	0,	0,	0,	0,	
d=8:	0,	-194,	-328,	-192,	-4,	7,	-156,	-162,	-216,	-266,	-348,	-349,	-362,	-400,	-418,	-402,	-397,	-366,	-353,	-341,	-357,	-339,	-324,	-314,	-313,	-355,	-286,	-317,	-305,	-168,	-249,	-286,	-457,	-241,	-267,	-84,	-150,	-20,	-190,	-256,	67,	0,	0,	0,	0,	0,	0,	0,	0,	0,	0,	0,	0,	0,	0,	0,	0,	0,	0,	0,	0,	0,	0,	0,	0,	
d=9:	0,	-128,	-308,	-125,	265,	224,	-304,	40,	-70,	-253,	-197,	-343,	-383,	-401,	-401,	-380,	-360,	-379,	-325,	-330,	-358,	-329,	-316,	-329,	-327,	-331,	-258,	-332,	-319,	-353,	-426,	-387,	-447,	-407,	-370,	-170,	-381,	-176,	-25,	21,	0,	0,	0,	0,	0,	0,	0,	0,	0,	0,	0,	0,	0,	0,	0,	0,	0,	0,	0,	0,	0,	0,	0,	0,	0,	
number of samples
d=0:	0,	204,	52,	13,	16,	17,	29,	60,	89,	139,	155,	226,	286,	367,	429,	500,	540,	618,	595,	652,	609,	607,	538,	493,	461,	383,	342,	257,	190,	172,	129,	90,	70,	39,	34,	23,	23,	7,	8,	4,	1,	1,	1,	1,	0,	0,	0,	0,	0,	0,	0,	0,	0,	0,	0,	0,	0,	0,	0,	0,	0,	0,	0,	0,	0,	
d=1:	0,	4837,	1472,	346,	154,	214,	466,	691,	934,	1418,	2092,	2751,	3548,	4253,	5048,	6099,	7031,	7729,	8216,	9025,	8964,	9255,	9050,	8533,	7978,	7211,	6273,	5318,	4537,	3692,	2999,	2311,	1734,	1291,	970,	642,	428,	306,	206,	131,	84,	56,	33,	14,	10,	5,	4,	0,	0,	1,	1,	0,	0,	0,	0,	0,	0,	0,	0,	0,	0,	0,	0,	0,	0,	
d=2:	0,	2142,	624,	126,	96,	180,	380,	501,	693,	983,	1417,	1863,	2415,	2922,	3342,	3734,	4129,	4383,	4603,	4780,	4614,	4481,	4102,	3840,	3450,	2965,	2466,	1996,	1758,	1345,	1084,	750,	573,	417,	278,	198,	132,	94,	56,	40,	32,	11,	9,	5,	1,	0,	1,	0,	0,	0,	0,	0,	0,	0,	0,	0,	0,	0,	0,	0,	0,	0,	0,	0,	0,	
d=3:	0,	1373,	421,	112,	79,	154,	254,	396,	587,	833,	1218,	1539,	2020,	2495,	2788,	3310,	3803,	4054,	4210,	4191,	4249,	4257,	3891,	3554,	3232,	2734,	2269,	1889,	1525,	1165,	914,	696,	500,	403,	270,	187,	122,	94,	66,	35,	24,	9,	7,	1,	3,	1,	0,	0,	1,	0,	0,	0,	0,	0,	0,	0,	0,	0,	0,	0,	0,	0,	0,	0,	0,	
d=4:	0,	807,	289,	52,	64,	108,	218,	304,	432,	607,	890,	1151,	1416,	1687,	2032,	2277,	2537,	2639,	2962,	2766,	2840,	2688,	2512,	2230,	2028,	1699,	1520,	1185,	957,	778,	577,	430,	282,	239,	176,	115,	64,	46,	27,	21,	12,	6,	3,	1,	0,	0,	0,	0,	0,	0,	0,	0,	0,	0,	0,	0,	0,	0,	0,	0,	0,	0,	0,	0,	0,	
d=5:	0,	721,	273,	58,	46,	85,	178,	223,	339,	499,	748,	1016,	1196,	1525,	1877,	2064,	2330,	2525,	2494,	2580,	2521,	2382,	2263,	2056,	1754,	1450,	1207,	995,	754,	631,	478,	350,	265,	182,	128,	88,	54,	41,	32,	21,	12,	9,	3,	7,	1,	0,	0,	1,	0,	0,	0,	0,	0,	0,	0,	0,	0,	0,	0,	0,	0,	0,	0,	0,	0,	
d=6:	0,	474,	156,	31,	24,	57,	101,	179,	237,	331,	522,	723,	894,	1154,	1301,	1480,	1614,	1817,	1769,	1772,	1720,	1684,	1491,	1376,	1211,	1001,	855,	666,	536,	430,	329,	241,	155,	108,	95,	61,	34,	27,	19,	11,	6,	1,	4,	1,	1,	0,	1,	0,	0,	0,	0,	0,	0,	0,	0,	0,	0,	0,	0,	0,	0,	0,	0,	0,	0,	
d=7:	0,	330,	100,	24,	28,	40,	60,	126,	187,	281,	385,	498,	684,	869,	1038,	1188,	1269,	1318,	1408,	1394,	1372,	1321,	1236,	1033,	866,	730,	608,	512,	369,	265,	201,	156,	142,	72,	52,	44,	28,	13,	12,	10,	4,	1,	2,	2,	0,	2,	0,	0,	0,	0,	0,	0,	0,	0,	0,	0,	0,	0,	0,	0,	0,	0,	0,	0,	0,	
d=8:	0,	128,	57,	7,	11,	17,	42,	69,	87,	131,	187,	269,	343,	475,	616,	690,	774,	802,	825,	865,	782,	784,	689,	567,	528,	436,	346,	272,	221,	203,	146,	113,	61,	46,	34,	17,	13,	9,	8,	4,	2,	0,	0,	0,	0,	0,	0,	0,	0,	0,	0,	0,	0,	0,	0,	0,	0,	0,	0,	0,	0,	0,	0,	0,	0,	
d=9:	0,	97,	35,	3,	3,	5,	11,	35,	45,	70,	103,	159,	212,	317,	365,	412,	457,	512,	480,	466,	451,	399,	390,	348,	324,	279,	230,	170,	131,	105,	87,	62,	37,	22,	19,	13,	7,	6,	3,	3,	0,	0,	0,	0,	0,	0,	0,	0,	0,	0,	0,	0,	0,	0,	0,	0,	0,	0,	0,	0,	0,	0,	0,	0,	0,	
------------------------------------
piece type = knight

mean difference between current beta and lazy eval
d=0:	0,	23,	337,	498,	514,	385,	373,	282,	251,	204,	178,	156,	114,	132,	119,	117,	103,	98,	103,	105,	111,	87,	88,	81,	82,	60,	81,	76,	71,	71,	26,	35,	197,	0,	-36,	20,	0,	0,	0,	0,	0,	0,	0,	0,	0,	0,	0,	0,	0,	0,	0,	0,	0,	0,	0,	0,	0,	0,	0,	0,	0,	0,	0,	0,	0,	
d=1:	0,	53,	129,	475,	626,	572,	495,	415,	331,	290,	233,	197,	161,	140,	122,	110,	98,	81,	77,	71,	70,	67,	66,	64,	62,	63,	57,	61,	61,	51,	56,	64,	49,	43,	54,	130,	48,	101,	105,	0,	139,	1,	0,	0,	0,	0,	0,	0,	0,	0,	0,	0,	0,	0,	0,	0,	0,	0,	0,	0,	0,	0,	0,	0,	0,	
d=2:	0,	77,	243,	589,	652,	564,	508,	438,	358,	316,	262,	232,	204,	184,	162,	154,	137,	129,	123,	119,	114,	105,	112,	105,	110,	98,	96,	96,	102,	99,	89,	115,	79,	112,	138,	106,	132,	97,	0,	0,	0,	0,	0,	0,	0,	0,	0,	0,	0,	0,	0,	0,	0,	0,	0,	0,	0,	0,	0,	0,	0,	0,	0,	0,	0,	
d=3:	0,	103,	257,	608,	634,	549,	452,	383,	315,	263,	220,	187,	167,	141,	126,	117,	108,	105,	98,	94,	87,	86,	80,	83,	75,	94,	65,	75,	68,	92,	60,	98,	48,	67,	27,	180,	-95,	-53,	17,	0,	0,	0,	0,	0,	0,	0,	0,	0,	0,	0,	0,	0,	0,	0,	0,	0,	0,	0,	0,	0,	0,	0,	0,	0,	0,	
d=4:	0,	94,	308,	608,	623,	532,	461,	375,	308,	270,	214,	189,	156,	135,	131,	120,	105,	100,	93,	97,	85,	81,	77,	77,	77,	75,	63,	82,	72,	89,	51,	77,	92,	55,	182,	26,	-105,	149,	0,	0,	0,	0,	0,	0,	0,	0,	0,	0,	0,	0,	0,	0,	0,	0,	0,	0,	0,	0,	0,	0,	0,	0,	0,	0,	0,	
d=5:	0,	69,	336,	634,	561,	457,	382,	304,	257,	211,	175,	147,	144,	130,	113,	106,	98,	98,	76,	87,	87,	85,	79,	88,	83,	83,	83,	83,	108,	37,	80,	73,	199,	81,	162,	40,	60,	0,	498,	0,	0,	0,	0,	0,	0,	0,	0,	0,	0,	0,	0,	0,	0,	0,	0,	0,	0,	0,	0,	0,	0,	0,	0,	0,	0,	
d=6:	0,	58,	292,	585,	548,	430,	336,	279,	231,	200,	164,	138,	139,	118,	111,	107,	95,	100,	87,	90,	87,	93,	90,	82,	76,	86,	52,	86,	117,	39,	128,	124,	59,	77,	124,	0,	0,	0,	0,	0,	0,	0,	0,	0,	0,	0,	0,	0,	0,	0,	0,	0,	0,	0,	0,	0,	0,	0,	0,	0,	0,	0,	0,	0,	0,	
d=7:	0,	50,	371,	617,	541,	387,	336,	271,	216,	198,	163,	141,	125,	115,	118,	106,	97,	104,	116,	86,	92,	87,	106,	90,	89,	93,	86,	82,	96,	156,	135,	55,	174,	109,	104,	196,	0,	0,	0,	0,	0,	0,	0,	0,	0,	0,	0,	0,	0,	0,	0,	0,	0,	0,	0,	0,	0,	0,	0,	0,	0,	0,	0,	0,	0,	
d=8:	0,	30,	340,	563,	474,	375,	277,	229,	182,	165,	146,	125,	115,	107,	99,	102,	107,	94,	92,	107,	86,	103,	97,	106,	97,	108,	80,	130,	57,	97,	12,	84,	0,	0,	0,	0,	0,	0,	0,	0,	0,	0,	0,	0,	0,	0,	0,	0,	0,	0,	0,	0,	0,	0,	0,	0,	0,	0,	0,	0,	0,	0,	0,	0,	0,	
d=9:	0,	48,	430,	590,	385,	393,	287,	237,	202,	182,	166,	147,	153,	144,	141,	137,	161,	181,	160,	161,	179,	187,	164,	168,	203,	211,	144,	257,	257,	210,	126,	60,	56,	0,	0,	0,	0,	0,	0,	0,	0,	0,	0,	0,	0,	0,	0,	0,	0,	0,	0,	0,	0,	0,	0,	0,	0,	0,	0,	0,	0,	0,	0,	0,	0,	
~98% quantile
d=0:	0,	-295,	-450,	-342,	-334,	-369,	-413,	-457,	-427,	-415,	-426,	-393,	-355,	-353,	-337,	-356,	-283,	-317,	-263,	-283,	-285,	-228,	-255,	-250,	-247,	-229,	-284,	-195,	-200,	-64,	-55,	-41,	83,	0,	-36,	20,	0,	0,	0,	0,	0,	0,	0,	0,	0,	0,	0,	0,	0,	0,	0,	0,	0,	0,	0,	0,	0,	0,	0,	0,	0,	0,	0,	0,	0,	
d=1:	0,	-359,	-462,	-351,	-96,	-167,	-282,	-361,	-412,	-421,	-424,	-410,	-394,	-369,	-346,	-325,	-303,	-277,	-263,	-244,	-237,	-230,	-215,	-214,	-218,	-210,	-184,	-207,	-201,	-171,	-209,	-292,	-165,	-178,	-206,	-457,	-206,	-206,	-203,	0,	139,	1,	0,	0,	0,	0,	0,	0,	0,	0,	0,	0,	0,	0,	0,	0,	0,	0,	0,	0,	0,	0,	0,	0,	0,	
d=2:	0,	-358,	-514,	-161,	-53,	-177,	-258,	-325,	-378,	-393,	-390,	-391,	-370,	-352,	-327,	-315,	-298,	-280,	-265,	-250,	-228,	-231,	-238,	-220,	-230,	-215,	-218,	-241,	-234,	-195,	-196,	-116,	-169,	-248,	-216,	-24,	-455,	-144,	0,	0,	0,	0,	0,	0,	0,	0,	0,	0,	0,	0,	0,	0,	0,	0,	0,	0,	0,	0,	0,	0,	0,	0,	0,	0,	0,	
d=3:	0,	-406,	-514,	-141,	-90,	-189,	-310,	-379,	-399,	-415,	-408,	-382,	-376,	-342,	-313,	-309,	-293,	-273,	-260,	-259,	-241,	-243,	-231,	-201,	-209,	-235,	-186,	-195,	-169,	-218,	-185,	-258,	-327,	-155,	-172,	-76,	-349,	-111,	17,	0,	0,	0,	0,	0,	0,	0,	0,	0,	0,	0,	0,	0,	0,	0,	0,	0,	0,	0,	0,	0,	0,	0,	0,	0,	0,	
d=4:	0,	-366,	-492,	-184,	-118,	-253,	-328,	-384,	-423,	-402,	-416,	-393,	-366,	-340,	-312,	-310,	-269,	-265,	-261,	-255,	-256,	-225,	-210,	-201,	-186,	-216,	-181,	-210,	-181,	-177,	-91,	-166,	-157,	-196,	-192,	-233,	-105,	149,	0,	0,	0,	0,	0,	0,	0,	0,	0,	0,	0,	0,	0,	0,	0,	0,	0,	0,	0,	0,	0,	0,	0,	0,	0,	0,	0,	
d=5:	0,	-379,	-517,	-176,	-239,	-318,	-393,	-430,	-427,	-423,	-396,	-378,	-364,	-353,	-343,	-312,	-298,	-277,	-227,	-260,	-249,	-235,	-215,	-251,	-214,	-241,	-278,	-327,	-256,	-140,	-379,	-392,	-212,	-184,	-232,	-271,	60,	0,	498,	0,	0,	0,	0,	0,	0,	0,	0,	0,	0,	0,	0,	0,	0,	0,	0,	0,	0,	0,	0,	0,	0,	0,	0,	0,	0,	
d=6:	0,	-347,	-454,	-218,	-217,	-352,	-398,	-429,	-424,	-409,	-394,	-362,	-341,	-325,	-317,	-309,	-260,	-261,	-256,	-240,	-224,	-256,	-240,	-202,	-247,	-257,	-184,	-269,	-430,	-176,	-195,	-102,	-168,	-168,	-97,	0,	0,	0,	0,	0,	0,	0,	0,	0,	0,	0,	0,	0,	0,	0,	0,	0,	0,	0,	0,	0,	0,	0,	0,	0,	0,	0,	0,	0,	0,	
d=7:	0,	-342,	-487,	-99,	-219,	-390,	-437,	-454,	-413,	-434,	-419,	-378,	-381,	-367,	-380,	-312,	-293,	-321,	-361,	-283,	-312,	-266,	-313,	-292,	-254,	-312,	-292,	-181,	-368,	-523,	-345,	-75,	-464,	-57,	-100,	196,	0,	0,	0,	0,	0,	0,	0,	0,	0,	0,	0,	0,	0,	0,	0,	0,	0,	0,	0,	0,	0,	0,	0,	0,	0,	0,	0,	0,	0,	
d=8:	0,	-281,	-510,	-173,	-282,	-411,	-446,	-430,	-424,	-399,	-369,	-367,	-297,	-334,	-297,	-309,	-318,	-292,	-290,	-298,	-258,	-290,	-325,	-338,	-309,	-392,	-311,	-528,	-175,	-189,	-230,	-88,	0,	0,	0,	0,	0,	0,	0,	0,	0,	0,	0,	0,	0,	0,	0,	0,	0,	0,	0,	0,	0,	0,	0,	0,	0,	0,	0,	0,	0,	0,	0,	0,	0,	
d=9:	0,	-369,	-664,	-69,	-396,	-434,	-432,	-417,	-385,	-400,	-380,	-371,	-367,	-353,	-327,	-323,	-371,	-374,	-349,	-333,	-360,	-386,	-416,	-406,	-421,	-486,	-417,	-498,	-654,	-555,	-304,	60,	56,	0,	0,	0,	0,	0,	0,	0,	0,	0,	0,	0,	0,	0,	0,	0,	0,	0,	0,	0,	0,	0,	0,	0,	0,	0,	0,	0,	0,	0,	0,	0,	0,	
number of samples
d=0:	0,	191,	101,	118,	205,	254,	370,	426,	530,	637,	687,	761,	817,	835,	694,	720,	620,	555,	436,	321,	282,	229,	145,	100,	88,	55,	44,	28,	21,	8,	3,	7,	2,	0,	1,	1,	0,	0,	0,	0,	0,	0,	0,	0,	0,	0,	0,	0,	0,	0,	0,	0,	0,	0,	0,	0,	0,	0,	0,	0,	0,	0,	0,	0,	0,	
d=1:	0,	5927,	2240,	1358,	2004,	2912,	3915,	4990,	6189,	7631,	8876,	9847,	10721,	11505,	11514,	11469,	10776,	9892,	8865,	7630,	6350,	5088,	3972,	3089,	2302,	1658,	1138,	720,	503,	310,	204,	143,	72,	49,	24,	18,	16,	7,	2,	0,	1,	1,	0,	0,	0,	0,	0,	0,	0,	0,	0,	0,	0,	0,	0,	0,	0,	0,	0,	0,	0,	0,	0,	0,	0,	
d=2:	0,	2703,	1027,	826,	1417,	1919,	2546,	3061,	3935,	4451,	4893,	5509,	5645,	5797,	5678,	5421,	5004,	4393,	3802,	3107,	2607,	2073,	1590,	1106,	785,	556,	442,	259,	172,	144,	72,	53,	22,	16,	11,	5,	3,	3,	0,	0,	0,	0,	0,	0,	0,	0,	0,	0,	0,	0,	0,	0,	0,	0,	0,	0,	0,	0,	0,	0,	0,	0,	0,	0,	0,	
d=3:	0,	1712,	795,	684,	1133,	1652,	2231,	2893,	3396,	3994,	4649,	4951,	5187,	5370,	5254,	4913,	4408,	3917,	3282,	2717,	2179,	1624,	1298,	957,	663,	466,	333,	205,	152,	100,	55,	42,	18,	15,	17,	3,	4,	2,	1,	0,	0,	0,	0,	0,	0,	0,	0,	0,	0,	0,	0,	0,	0,	0,	0,	0,	0,	0,	0,	0,	0,	0,	0,	0,	0,	
d=4:	0,	966,	477,	518,	856,	1117,	1428,	1842,	2228,	2751,	2992,	3217,	3446,	3532,	3438,	3170,	2844,	2412,	2099,	1727,	1351,	1096,	762,	591,	417,	280,	186,	147,	82,	64,	45,	36,	15,	13,	6,	5,	1,	1,	0,	0,	0,	0,	0,	0,	0,	0,	0,	0,	0,	0,	0,	0,	0,	0,	0,	0,	0,	0,	0,	0,	0,	0,	0,	0,	0,	
d=5:	0,	849,	430,	467,	764,	1051,	1388,	1744,	2236,	2632,	2895,	3138,	3218,	3140,	2992,	2793,	2530,	2098,	1649,	1435,	1086,	808,	612,	405,	299,	240,	158,	98,	72,	48,	25,	21,	16,	6,	4,	2,	1,	0,	1,	0,	0,	0,	0,	0,	0,	0,	0,	0,	0,	0,	0,	0,	0,	0,	0,	0,	0,	0,	0,	0,	0,	0,	0,	0,	0,	
d=6:	0,	549,	285,	286,	498,	702,	1018,	1329,	1541,	1895,	2077,	2270,	2313,	2289,	2222,	1986,	1730,	1522,	1209,	1013,	739,	591,	392,	291,	210,	147,	108,	64,	41,	30,	16,	10,	11,	5,	7,	0,	0,	0,	0,	0,	0,	0,	0,	0,	0,	0,	0,	0,	0,	0,	0,	0,	0,	0,	0,	0,	0,	0,	0,	0,	0,	0,	0,	0,	0,	
d=7:	0,	340,	197,	227,	385,	584,	802,	1042,	1205,	1465,	1687,	1702,	1800,	1711,	1583,	1389,	1209,	1054,	786,	678,	502,	431,	311,	206,	139,	116,	71,	60,	38,	24,	21,	9,	9,	2,	3,	1,	0,	0,	0,	0,	0,	0,	0,	0,	0,	0,	0,	0,	0,	0,	0,	0,	0,	0,	0,	0,	0,	0,	0,	0,	0,	0,	0,	0,	0,	
d=8:	0,	181,	84,	100,	225,	295,	459,	594,	753,	869,	984,	942,	1043,	985,	932,	902,	705,	612,	458,	391,	334,	217,	165,	107,	81,	66,	42,	28,	19,	14,	10,	5,	0,	0,	0,	0,	0,	0,	0,	0,	0,	0,	0,	0,	0,	0,	0,	0,	0,	0,	0,	0,	0,	0,	0,	0,	0,	0,	0,	0,	0,	0,	0,	0,	0,	
d=9:	0,	83,	44,	71,	117,	191,	285,	360,	446,	498,	564,	603,	582,	551,	476,	460,	371,	309,	241,	201,	176,	133,	98,	73,	44,	35,	21,	16,	8,	7,	4,	1,	1,	0,	0,	0,	0,	0,	0,	0,	0,	0,	0,	0,	0,	0,	0,	0,	0,	0,	0,	0,	0,	0,	0,	0,	0,	0,	0,	0,	0,	0,	0,	0,	0,	
------------------------------------
piece type = pawn

mean difference between current beta and lazy eval
d=0:	0,	-4,	23,	-42,	345,	286,	144,	518,	463,	571,	404,	454,	407,	457,	419,	363,	383,	371,	370,	289,	328,	255,	247,	245,	216,	202,	181,	168,	161,	144,	136,	132,	111,	92,	116,	105,	104,	100,	90,	79,	91,	78,	163,	89,	106,	39,	234,	220,	199,	0,	0,	0,	20,	240,	0,	20,	0,	0,	0,	0,	0,	0,	0,	0,	0,	
d=1:	0,	44,	41,	-5,	210,	528,	698,	710,	606,	637,	615,	625,	594,	566,	523,	504,	489,	456,	424,	391,	369,	348,	318,	284,	262,	237,	208,	187,	172,	149,	137,	121,	114,	103,	100,	89,	83,	84,	79,	70,	68,	67,	58,	58,	62,	56,	55,	57,	54,	44,	96,	89,	36,	43,	104,	49,	0,	0,	0,	0,	0,	0,	0,	0,	0,	
d=2:	0,	58,	42,	14,	305,	412,	530,	536,	640,	612,	588,	615,	595,	567,	541,	513,	472,	469,	435,	411,	380,	365,	335,	318,	285,	270,	257,	232,	220,	205,	189,	174,	161,	153,	147,	146,	127,	125,	128,	116,	113,	115,	113,	90,	97,	88,	115,	75,	52,	151,	42,	47,	31,	0,	0,	0,	0,	0,	0,	0,	0,	0,	0,	0,	0,	
d=3:	0,	63,	92,	26,	295,	581,	610,	595,	654,	604,	617,	586,	551,	527,	500,	463,	439,	432,	394,	368,	349,	330,	294,	263,	245,	217,	199,	186,	175,	154,	145,	126,	121,	114,	102,	102,	89,	94,	95,	82,	83,	77,	72,	78,	58,	70,	63,	54,	82,	58,	40,	-23,	-4,	98,	-34,	0,	0,	0,	0,	0,	0,	0,	0,	0,	0,	
d=4:	0,	55,	67,	47,	443,	745,	619,	637,	639,	647,	610,	609,	550,	510,	499,	501,	461,	416,	397,	364,	331,	303,	292,	262,	237,	214,	203,	184,	160,	148,	135,	126,	123,	112,	104,	99,	89,	94,	92,	98,	84,	85,	96,	75,	75,	104,	39,	50,	18,	166,	-10,	66,	0,	0,	0,	0,	0,	0,	0,	0,	0,	0,	0,	0,	0,	
d=5:	0,	62,	84,	175,	499,	494,	561,	636,	634,	532,	567,	589,	500,	495,	448,	423,	392,	365,	347,	319,	305,	256,	249,	218,	196,	183,	163,	150,	142,	132,	122,	114,	112,	104,	93,	96,	92,	81,	62,	65,	85,	65,	61,	61,	76,	62,	69,	45,	97,	12,	39,	0,	4,	0,	0,	27,	0,	0,	0,	0,	0,	0,	0,	0,	0,	
d=6:	0,	34,	68,	170,	120,	720,	711,	490,	554,	549,	444,	480,	492,	458,	390,	423,	386,	355,	327,	300,	277,	251,	229,	221,	196,	193,	163,	155,	146,	138,	122,	120,	116,	105,	107,	100,	92,	84,	84,	95,	89,	86,	64,	81,	65,	63,	54,	29,	172,	91,	126,	33,	34,	0,	0,	197,	0,	0,	0,	0,	0,	0,	0,	0,	0,	
d=7:	0,	27,	59,	1173,	317,	389,	595,	641,	458,	668,	572,	471,	398,	392,	368,	360,	370,	319,	316,	287,	266,	247,	215,	196,	183,	177,	159,	150,	135,	117,	118,	118,	103,	108,	109,	94,	85,	90,	92,	98,	86,	122,	100,	99,	42,	63,	26,	73,	64,	71,	12,	27,	-6,	0,	0,	33,	0,	0,	0,	0,	0,	0,	0,	0,	0,	
d=8:	0,	2,	2,	53,	-150,	1192,	535,	432,	571,	427,	344,	325,	278,	334,	277,	275,	323,	305,	251,	243,	245,	213,	189,	165,	171,	162,	142,	136,	127,	111,	102,	114,	105,	94,	111,	98,	94,	80,	88,	84,	78,	108,	126,	69,	115,	70,	91,	61,	99,	21,	0,	0,	0,	0,	0,	0,	0,	0,	0,	0,	0,	0,	0,	0,	0,	
d=9:	0,	15,	-4,	0,	0,	398,	463,	485,	417,	299,	403,	378,	379,	340,	275,	325,	306,	319,	282,	288,	285,	241,	202,	205,	202,	185,	170,	170,	164,	155,	157,	172,	162,	166,	148,	129,	137,	140,	134,	160,	169,	152,	131,	111,	77,	99,	182,	66,	32,	15,	32,	0,	0,	0,	0,	0,	0,	0,	0,	0,	0,	0,	0,	0,	0,	
~98% quantile
d=0:	0,	-173,	-167,	-110,	-355,	208,	-266,	-205,	-171,	-146,	-394,	-308,	-305,	-266,	-358,	-393,	-351,	-360,	-374,	-372,	-384,	-412,	-396,	-371,	-383,	-373,	-362,	-352,	-334,	-332,	-315,	-307,	-266,	-247,	-308,	-268,	-228,	-316,	-333,	-210,	-250,	-200,	-461,	-156,	-258,	-53,	-499,	-271,	-364,	0,	0,	0,	20,	240,	0,	20,	0,	0,	0,	0,	0,	0,	0,	0,	0,	
d=1:	0,	-322,	-283,	-156,	-654,	-407,	-170,	-9,	-94,	-145,	-147,	-138,	-178,	-190,	-239,	-222,	-253,	-275,	-294,	-319,	-330,	-336,	-351,	-366,	-368,	-373,	-363,	-360,	-353,	-344,	-330,	-314,	-307,	-295,	-280,	-257,	-249,	-248,	-230,	-197,	-187,	-197,	-160,	-181,	-156,	-151,	-124,	-80,	-144,	-126,	-106,	-116,	-18,	-9,	104,	-1,	0,	0,	0,	0,	0,	0,	0,	0,	0,	
d=2:	0,	-338,	-247,	-298,	-475,	-257,	-188,	-286,	-113,	-179,	-163,	-150,	-188,	-189,	-209,	-236,	-240,	-254,	-281,	-302,	-308,	-322,	-330,	-334,	-339,	-322,	-326,	-326,	-323,	-309,	-309,	-296,	-294,	-284,	-277,	-261,	-258,	-238,	-232,	-209,	-194,	-200,	-240,	-169,	-146,	-134,	-200,	-82,	-118,	-64,	-9,	-7,	31,	0,	0,	0,	0,	0,	0,	0,	0,	0,	0,	0,	0,	
d=3:	0,	-296,	-301,	-297,	-611,	-178,	-180,	-155,	-114,	-280,	-185,	-185,	-230,	-234,	-258,	-285,	-285,	-304,	-313,	-317,	-342,	-349,	-350,	-362,	-361,	-360,	-351,	-343,	-336,	-327,	-314,	-293,	-294,	-284,	-257,	-248,	-244,	-244,	-217,	-219,	-216,	-187,	-177,	-159,	-144,	-149,	-113,	-135,	-95,	-107,	-10,	-123,	-92,	98,	-34,	0,	0,	0,	0,	0,	0,	0,	0,	0,	0,	
d=4:	0,	-256,	-332,	-205,	-481,	-494,	-117,	-251,	-261,	-126,	-226,	-209,	-201,	-275,	-310,	-283,	-306,	-317,	-341,	-347,	-359,	-369,	-368,	-362,	-363,	-359,	-361,	-358,	-337,	-317,	-307,	-299,	-287,	-270,	-259,	-255,	-232,	-238,	-223,	-231,	-177,	-163,	-241,	-171,	-118,	-123,	-116,	-151,	-106,	17,	-93,	-73,	0,	0,	0,	0,	0,	0,	0,	0,	0,	0,	0,	0,	0,	
d=5:	0,	-335,	-325,	-425,	-412,	-245,	-260,	-192,	-319,	-292,	-341,	-265,	-301,	-326,	-359,	-352,	-352,	-376,	-378,	-396,	-388,	-387,	-379,	-372,	-373,	-368,	-361,	-353,	-332,	-307,	-323,	-306,	-285,	-280,	-253,	-260,	-244,	-224,	-211,	-195,	-225,	-200,	-204,	-233,	-151,	-134,	-52,	-35,	-115,	-77,	-4,	0,	4,	0,	0,	27,	0,	0,	0,	0,	0,	0,	0,	0,	0,	
d=6:	0,	-201,	-305,	-497,	-192,	34,	57,	-286,	-262,	-275,	-388,	-342,	-264,	-294,	-354,	-318,	-363,	-356,	-349,	-355,	-380,	-375,	-386,	-372,	-353,	-373,	-328,	-321,	-317,	-328,	-303,	-310,	-283,	-273,	-252,	-274,	-235,	-238,	-212,	-292,	-252,	-212,	-223,	-208,	-165,	-143,	-185,	-86,	-184,	-69,	-66,	33,	34,	0,	0,	197,	0,	0,	0,	0,	0,	0,	0,	0,	0,	
d=7:	0,	-235,	-303,	1173,	-310,	-411,	-187,	-9,	-273,	-143,	-265,	-423,	-374,	-333,	-376,	-388,	-379,	-391,	-410,	-386,	-419,	-407,	-411,	-383,	-386,	-387,	-384,	-358,	-346,	-311,	-324,	-327,	-303,	-308,	-286,	-265,	-250,	-229,	-240,	-271,	-197,	-344,	-245,	-236,	-84,	-129,	-61,	-106,	-62,	-1,	12,	27,	-76,	0,	0,	33,	0,	0,	0,	0,	0,	0,	0,	0,	0,	
d=8:	0,	-119,	-49,	-251,	-150,	1192,	-264,	-505,	-72,	-303,	-408,	-447,	-418,	-403,	-410,	-399,	-387,	-395,	-382,	-387,	-391,	-383,	-370,	-361,	-371,	-356,	-350,	-352,	-338,	-312,	-321,	-316,	-299,	-243,	-289,	-312,	-277,	-256,	-346,	-231,	-374,	-366,	-458,	-152,	-159,	-21,	-209,	-265,	-126,	21,	0,	0,	0,	0,	0,	0,	0,	0,	0,	0,	0,	0,	0,	0,	0,	
d=9:	0,	-182,	-136,	0,	0,	398,	-38,	485,	-7,	-196,	-480,	-558,	-424,	-393,	-390,	-417,	-416,	-373,	-412,	-415,	-404,	-404,	-395,	-397,	-398,	-379,	-362,	-368,	-339,	-318,	-332,	-326,	-273,	-314,	-353,	-317,	-333,	-349,	-347,	-382,	-440,	-375,	-394,	-149,	-12,	-181,	-203,	11,	32,	15,	32,	0,	0,	0,	0,	0,	0,	0,	0,	0,	0,	0,	0,	0,	0,	
number of samples
d=0:	0,	44,	13,	2,	2,	2,	2,	13,	12,	14,	24,	53,	89,	101,	145,	159,	258,	328,	378,	435,	511,	577,	686,	761,	768,	810,	766,	768,	782,	725,	632,	546,	495,	409,	374,	302,	232,	192,	137,	108,	83,	59,	40,	23,	16,	11,	8,	5,	4,	0,	0,	0,	1,	1,	0,	1,	0,	0,	0,	0,	0,	0,	0,	0,	0,	
d=1:	0,	1404,	400,	83,	28,	28,	56,	109,	154,	225,	380,	543,	832,	1161,	1628,	2135,	2645,	3621,	4433,	5454,	6386,	7420,	8291,	9192,	10228,	10950,	11098,	11688,	11489,	11217,	10652,	9861,	9133,	7883,	6876,	5720,	4670,	3983,	3114,	2490,	1851,	1353,	938,	666,	480,	307,	210,	118,	69,	37,	30,	19,	6,	2,	1,	4,	0,	0,	0,	0,	0,	0,	0,	0,	0,	
d=2:	0,	675,	158,	42,	16,	21,	33,	61,	117,	198,	280,	428,	582,	814,	1144,	1544,	2006,	2506,	3029,	3614,	4074,	4685,	5257,	5663,	5954,	6213,	6373,	6067,	5744,	5444,	5008,	4390,	3978,	3207,	2790,	2299,	1752,	1436,	1120,	858,	577,	427,	262,	207,	126,	84,	58,	32,	30,	4,	3,	4,	1,	0,	0,	0,	0,	0,	0,	0,	0,	0,	0,	0,	0,	
d=3:	0,	412,	126,	28,	13,	22,	27,	71,	105,	186,	248,	348,	565,	727,	1037,	1404,	1822,	2219,	2681,	3350,	3800,	4327,	4826,	5164,	5460,	5676,	5845,	5660,	5446,	5204,	4708,	4229,	3706,	3194,	2692,	2230,	1729,	1366,	1100,	828,	610,	475,	323,	236,	159,	83,	56,	37,	16,	16,	5,	2,	3,	1,	1,	0,	0,	0,	0,	0,	0,	0,	0,	0,	0,	
d=4:	0,	248,	81,	15,	17,	13,	40,	44,	90,	153,	243,	308,	428,	570,	705,	1045,	1291,	1671,	1922,	2253,	2614,	2982,	3243,	3500,	3775,	3726,	3862,	3670,	3669,	3285,	3001,	2740,	2393,	2115,	1660,	1368,	1065,	861,	661,	460,	377,	256,	186,	136,	78,	46,	39,	23,	9,	3,	2,	6,	0,	0,	0,	0,	0,	0,	0,	0,	0,	0,	0,	0,	0,	
d=5:	0,	197,	47,	14,	9,	26,	35,	44,	75,	110,	168,	247,	323,	491,	691,	892,	1121,	1456,	1730,	2133,	2345,	2684,	2880,	3268,	3349,	3508,	3489,	3471,	3384,	3090,	2893,	2428,	2281,	1928,	1482,	1324,	977,	783,	575,	434,	334,	223,	172,	111,	62,	47,	29,	17,	6,	9,	4,	0,	1,	0,	0,	1,	0,	0,	0,	0,	0,	0,	0,	0,	0,	
d=6:	0,	122,	35,	6,	4,	9,	19,	30,	46,	86,	97,	187,	249,	320,	480,	578,	772,	982,	1232,	1414,	1581,	1790,	2094,	2197,	2277,	2359,	2317,	2486,	2263,	2130,	1994,	1757,	1542,	1296,	1057,	931,	685,	543,	419,	313,	231,	151,	107,	67,	49,	27,	25,	15,	5,	4,	2,	1,	1,	0,	0,	1,	0,	0,	0,	0,	0,	0,	0,	0,	0,	
d=7:	0,	104,	28,	1,	3,	12,	12,	21,	27,	51,	80,	135,	181,	246,	314,	483,	623,	773,	924,	1147,	1286,	1453,	1668,	1731,	1785,	1878,	1882,	1772,	1746,	1651,	1521,	1324,	1101,	970,	762,	650,	522,	362,	284,	218,	158,	105,	75,	56,	32,	24,	18,	8,	7,	5,	1,	1,	3,	0,	0,	1,	0,	0,	0,	0,	0,	0,	0,	0,	0,	
d=8:	0,	58,	9,	4,	1,	1,	7,	7,	12,	26,	47,	73,	90,	107,	170,	245,	284,	391,	508,	642,	754,	820,	939,	987,	1070,	1056,	1106,	1117,	1013,	971,	913,	781,	672,	556,	475,	383,	328,	258,	194,	125,	94,	70,	50,	31,	22,	8,	10,	4,	5,	1,	0,	0,	0,	0,	0,	0,	0,	0,	0,	0,	0,	0,	0,	0,	0,	
d=9:	0,	29,	6,	0,	0,	1,	3,	1,	5,	14,	21,	33,	49,	78,	89,	123,	164,	207,	279,	330,	428,	493,	517,	567,	540,	591,	612,	561,	603,	550,	490,	438,	374,	364,	290,	230,	199,	157,	112,	88,	61,	47,	28,	19,	12,	9,	7,	3,	1,	1,	1,	0,	0,	0,	0,	0,	0,	0,	0,	0,	0,	0,	0,	0,	0,	
