positions under analysis = 5900115

test gives expected score difference from alpha for quiet moves

quiet moves are non-take, non passed pawn push, non tte, non killer, non dangerous, not in check currently

score = alpha-predicted
(ie, negative score means there was a gain, positive means loss)

~98 quantile gives roughly best 2% of moves

------------------------------------
piece type = all

mean difference between predicted score and currend alpha (before prediction)
d=0:	0,	126,	155,	160,	167,	163,	167,	165,	177,	171,	164,	171,	167,	163,	167,	169,	170,	169,	168,	173,	160,	168,	166,	166,	161,	173,	168,	156,	146,	152,	156,	146,	137,	136,	133,	130,	139,	128,	137,	111,	109,	129,	123,	125,	113,	96,	100,	120,	123,	73,	70,	51,	65,	0,	0,	256,	0,	0,	0,	0,	0,	
d=1:	0,	106,	141,	145,	146,	146,	149,	148,	148,	148,	149,	149,	150,	150,	149,	150,	151,	151,	151,	150,	151,	150,	150,	148,	147,	145,	144,	140,	134,	131,	128,	120,	117,	112,	108,	104,	102,	99,	97,	95,	91,	91,	89,	84,	87,	83,	81,	85,	79,	81,	80,	82,	88,	76,	59,	59,	129,	52,	79,	85,	0,	
d=2:	0,	102,	128,	132,	131,	134,	137,	135,	134,	130,	126,	123,	123,	122,	120,	120,	121,	123,	123,	122,	124,	122,	121,	120,	119,	115,	113,	111,	108,	102,	102,	95,	91,	90,	85,	83,	81,	77,	77,	72,	69,	65,	65,	65,	58,	62,	53,	65,	52,	67,	64,	61,	45,	44,	20,	0,	45,	0,	0,	0,	0,	
d=3:	0,	112,	129,	131,	129,	133,	132,	130,	129,	125,	121,	119,	117,	116,	114,	115,	115,	115,	114,	116,	116,	113,	115,	113,	116,	118,	126,	136,	144,	147,	140,	135,	131,	128,	125,	122,	119,	114,	112,	110,	105,	107,	104,	103,	96,	94,	96,	99,	94,	84,	67,	87,	99,	112,	79,	0,	124,	235,	413,	0,	0,	
d=4:	0,	118,	132,	133,	135,	136,	135,	137,	134,	130,	129,	125,	123,	122,	119,	120,	123,	122,	122,	119,	120,	118,	116,	115,	112,	108,	105,	99,	98,	92,	90,	85,	78,	81,	75,	76,	73,	69,	67,	68,	60,	66,	60,	59,	48,	62,	51,	56,	47,	44,	68,	60,	34,	15,	0,	26,	12,	0,	28,	0,	0,	
d=5:	0,	87,	99,	98,	102,	101,	106,	112,	119,	123,	120,	115,	110,	111,	112,	109,	109,	108,	109,	111,	108,	106,	103,	102,	100,	95,	93,	89,	86,	81,	79,	78,	73,	71,	68,	68,	67,	66,	64,	62,	63,	57,	59,	57,	51,	56,	59,	63,	46,	55,	75,	34,	81,	89,	108,	0,	0,	0,	406,	0,	0,	
d=6:	0,	83,	92,	96,	93,	96,	97,	99,	97,	92,	90,	91,	91,	87,	88,	87,	87,	88,	88,	86,	85,	91,	86,	89,	89,	90,	89,	90,	90,	86,	81,	78,	78,	72,	71,	69,	69,	63,	67,	60,	63,	65,	58,	53,	65,	44,	54,	65,	53,	59,	71,	62,	61,	61,	22,	223,	27,	39,	0,	0,	0,	
d=7:	0,	64,	72,	76,	85,	97,	99,	98,	97,	99,	96,	94,	90,	89,	88,	91,	87,	96,	91,	92,	91,	92,	89,	87,	85,	81,	78,	76,	79,	75,	73,	67,	65,	64,	62,	61,	61,	61,	55,	57,	52,	51,	55,	55,	51,	58,	51,	50,	39,	35,	19,	32,	22,	47,	29,	12,	10,	0,	0,	0,	0,	
d=8:	0,	34,	35,	39,	44,	49,	51,	51,	50,	50,	52,	49,	53,	52,	60,	73,	76,	79,	81,	81,	84,	79,	81,	78,	79,	77,	73,	77,	71,	68,	65,	67,	67,	60,	61,	62,	58,	63,	62,	53,	58,	53,	59,	50,	77,	55,	77,	62,	20,	31,	18,	50,	33,	0,	0,	0,	0,	0,	0,	0,	0,	
d=9:	0,	35,	38,	32,	36,	36,	39,	33,	37,	37,	39,	43,	45,	48,	55,	58,	60,	61,	61,	67,	70,	73,	73,	78,	75,	74,	75,	75,	75,	76,	75,	70,	75,	72,	63,	70,	79,	78,	81,	75,	75,	90,	63,	77,	88,	74,	108,	32,	25,	40,	16,	23,	13,	42,	15,	0,	0,	0,	0,	0,	0,	
~95% quantile
d=0:	0,	-239,	-223,	-224,	-211,	-208,	-211,	-214,	-214,	-205,	-205,	-213,	-201,	-197,	-207,	-193,	-209,	-202,	-203,	-203,	-191,	-190,	-203,	-208,	-192,	-209,	-185,	-174,	-187,	-171,	-194,	-175,	-153,	-152,	-163,	-150,	-140,	-144,	-170,	-108,	-149,	-103,	-138,	-111,	-113,	-105,	-85,	-76,	-53,	1,	32,	3,	11,	0,	0,	256,	0,	0,	0,	0,	0,	
d=1:	0,	-201,	-178,	-182,	-183,	-186,	-183,	-184,	-189,	-189,	-190,	-190,	-190,	-189,	-191,	-191,	-190,	-188,	-191,	-188,	-191,	-187,	-186,	-186,	-184,	-183,	-180,	-179,	-175,	-173,	-166,	-160,	-157,	-151,	-143,	-138,	-131,	-126,	-119,	-118,	-106,	-99,	-94,	-94,	-90,	-69,	-65,	-80,	-55,	-49,	-52,	-55,	-33,	-11,	-11,	-4,	-97,	-25,	79,	85,	0,	
d=2:	0,	-204,	-199,	-191,	-189,	-184,	-187,	-184,	-183,	-179,	-173,	-171,	-170,	-169,	-165,	-167,	-166,	-167,	-167,	-162,	-167,	-168,	-164,	-165,	-165,	-161,	-162,	-161,	-159,	-159,	-154,	-150,	-145,	-141,	-142,	-140,	-136,	-135,	-133,	-128,	-126,	-122,	-129,	-127,	-107,	-147,	-91,	-134,	-127,	-146,	-229,	-148,	-86,	-69,	-9,	0,	-41,	0,	0,	0,	0,	
d=3:	0,	-215,	-202,	-195,	-190,	-191,	-188,	-186,	-182,	-182,	-175,	-173,	-170,	-172,	-170,	-169,	-166,	-165,	-164,	-166,	-165,	-164,	-169,	-167,	-168,	-165,	-166,	-169,	-158,	-153,	-155,	-150,	-147,	-140,	-135,	-129,	-123,	-114,	-120,	-98,	-103,	-103,	-94,	-98,	-92,	-77,	-111,	-108,	-76,	-75,	-14,	-1,	-33,	-59,	34,	0,	124,	235,	413,	0,	0,	
d=4:	0,	-236,	-223,	-226,	-220,	-221,	-215,	-217,	-208,	-205,	-207,	-194,	-186,	-179,	-176,	-177,	-180,	-180,	-176,	-172,	-178,	-177,	-179,	-176,	-176,	-168,	-171,	-167,	-166,	-159,	-161,	-153,	-141,	-150,	-143,	-147,	-150,	-127,	-125,	-133,	-127,	-142,	-121,	-115,	-91,	-162,	-87,	-111,	-107,	-111,	-82,	-154,	-69,	-7,	0,	26,	12,	0,	28,	0,	0,	
d=5:	0,	-227,	-228,	-224,	-230,	-216,	-219,	-217,	-220,	-215,	-209,	-198,	-188,	-194,	-200,	-191,	-191,	-188,	-192,	-196,	-188,	-184,	-182,	-187,	-185,	-177,	-172,	-168,	-167,	-165,	-164,	-170,	-152,	-148,	-143,	-148,	-135,	-137,	-130,	-137,	-130,	-112,	-121,	-108,	-92,	-112,	-121,	-145,	-89,	-129,	-135,	-84,	-101,	-89,	-244,	0,	0,	0,	406,	0,	0,	
d=6:	0,	-233,	-213,	-212,	-202,	-213,	-215,	-207,	-206,	-199,	-196,	-192,	-196,	-187,	-195,	-194,	-190,	-195,	-194,	-193,	-186,	-188,	-193,	-185,	-184,	-176,	-167,	-167,	-172,	-177,	-168,	-166,	-152,	-144,	-150,	-140,	-142,	-141,	-148,	-139,	-132,	-149,	-113,	-129,	-150,	-92,	-92,	-221,	-61,	-91,	-77,	-144,	-48,	-97,	-18,	223,	27,	39,	0,	0,	0,	
d=7:	0,	-253,	-248,	-236,	-246,	-235,	-216,	-223,	-217,	-218,	-221,	-223,	-211,	-204,	-211,	-212,	-197,	-217,	-212,	-216,	-210,	-213,	-212,	-211,	-207,	-192,	-191,	-184,	-186,	-186,	-177,	-172,	-160,	-157,	-156,	-163,	-149,	-158,	-131,	-156,	-130,	-154,	-141,	-132,	-103,	-172,	-150,	-181,	-78,	-77,	-18,	-27,	-28,	-60,	29,	12,	10,	0,	0,	0,	0,	
d=8:	0,	-161,	-162,	-181,	-184,	-179,	-193,	-181,	-178,	-163,	-179,	-183,	-191,	-182,	-172,	-187,	-186,	-181,	-194,	-183,	-192,	-187,	-187,	-187,	-201,	-191,	-182,	-180,	-184,	-176,	-170,	-182,	-181,	-150,	-154,	-171,	-156,	-178,	-177,	-133,	-182,	-162,	-178,	-167,	-290,	-174,	-318,	-127,	-25,	-5,	-13,	50,	0,	0,	0,	0,	0,	0,	0,	0,	0,	
d=9:	0,	-182,	-181,	-170,	-179,	-172,	-185,	-171,	-169,	-171,	-172,	-203,	-182,	-184,	-212,	-209,	-224,	-220,	-223,	-219,	-231,	-229,	-217,	-236,	-225,	-228,	-219,	-226,	-215,	-214,	-213,	-190,	-201,	-190,	-178,	-193,	-200,	-198,	-190,	-164,	-187,	-205,	-157,	-204,	-243,	-234,	-192,	-97,	-36,	-33,	-20,	-22,	13,	40,	15,	0,	0,	0,	0,	0,	0,	
number of samples
d=0:	0,	3893,	3185,	3045,	3015,	3009,	2969,	2895,	2714,	2822,	2858,	2768,	2839,	2794,	2672,	2710,	2644,	2775,	2691,	2681,	2683,	2523,	2607,	2497,	2407,	2453,	2269,	2173,	1993,	1855,	1702,	1568,	1378,	1213,	1014,	933,	753,	663,	506,	380,	300,	249,	169,	118,	106,	58,	32,	21,	21,	8,	5,	4,	2,	0,	0,	1,	0,	0,	0,	0,	0,	
d=1:	0,	61670,	47323,	44859,	44265,	43895,	43029,	43280,	42557,	42584,	41538,	41453,	41704,	41656,	41149,	40646,	40307,	40226,	39969,	39573,	39012,	38788,	38199,	37254,	36594,	35994,	34393,	32966,	31746,	29703,	27675,	25349,	23037,	20585,	18240,	15354,	13402,	11108,	9225,	7472,	5803,	4563,	3520,	2561,	1966,	1315,	927,	638,	426,	290,	153,	101,	46,	45,	23,	13,	6,	5,	1,	1,	0,	
d=2:	0,	31140,	25281,	24063,	23721,	23551,	23233,	22572,	22761,	22737,	22245,	22133,	22227,	22136,	21685,	21472,	21449,	21068,	21190,	20838,	20478,	20174,	20025,	19310,	18882,	18206,	17287,	16594,	15587,	14301,	12963,	11753,	10310,	9009,	7776,	6594,	5323,	4529,	3637,	2756,	2258,	1677,	1240,	941,	576,	411,	311,	154,	117,	63,	50,	33,	17,	11,	4,	0,	2,	0,	0,	0,	0,	
d=3:	0,	22469,	20342,	19987,	20013,	19903,	19826,	19716,	19554,	19712,	19466,	19513,	19300,	19301,	19303,	19010,	18975,	18857,	18667,	18484,	18132,	18140,	17846,	17499,	17139,	16608,	15745,	15524,	14398,	13258,	12138,	11269,	9880,	8684,	7497,	6421,	5312,	4500,	3605,	2749,	2165,	1611,	1185,	943,	658,	483,	316,	194,	133,	81,	65,	34,	22,	11,	5,	2,	1,	1,	1,	0,	0,	
d=4:	0,	14538,	13335,	13233,	13302,	13260,	13067,	13051,	13151,	12951,	12905,	12900,	12889,	12791,	12849,	12792,	12656,	12604,	12535,	12463,	12577,	12174,	12001,	11764,	11336,	10861,	10448,	9978,	9502,	8691,	7893,	7101,	6187,	5625,	4725,	4087,	3283,	2668,	2193,	1754,	1351,	1005,	688,	520,	364,	252,	169,	126,	71,	36,	29,	13,	6,	7,	0,	1,	1,	0,	1,	0,	0,	
d=5:	0,	12941,	12006,	11608,	11611,	11525,	11445,	11382,	11320,	11410,	11332,	11179,	11224,	11096,	11423,	11102,	10993,	10927,	11266,	10991,	10888,	10831,	10740,	10474,	10213,	9936,	9480,	8868,	8459,	7714,	7240,	6604,	5914,	5137,	4371,	3742,	3035,	2425,	2131,	1597,	1267,	958,	658,	464,	339,	265,	165,	109,	79,	44,	25,	12,	8,	10,	4,	0,	0,	0,	1,	0,	0,	
d=6:	0,	9354,	8612,	8369,	8320,	8429,	8222,	8217,	8240,	8337,	8075,	8178,	8095,	8189,	8064,	7982,	7758,	7867,	7653,	7661,	7595,	7530,	7531,	7277,	6881,	6730,	6534,	6175,	5837,	5438,	4999,	4499,	4091,	3537,	3038,	2440,	2102,	1749,	1347,	1094,	870,	632,	441,	366,	244,	162,	119,	71,	42,	30,	15,	5,	3,	7,	2,	1,	1,	1,	0,	0,	0,	
d=7:	0,	6761,	6193,	6220,	6328,	6139,	6082,	6079,	5988,	5931,	6105,	6128,	6155,	6111,	5979,	6053,	6008,	5985,	5929,	5682,	5806,	5822,	5673,	5423,	5371,	5193,	4916,	4836,	4554,	4163,	3766,	3387,	3028,	2646,	2243,	1863,	1579,	1310,	1070,	806,	651,	419,	344,	267,	167,	113,	91,	51,	33,	22,	11,	8,	8,	4,	1,	1,	1,	0,	0,	0,	0,	
d=8:	0,	3644,	3630,	3549,	3510,	3491,	3526,	3557,	3500,	3578,	3463,	3464,	3395,	3516,	3416,	3328,	3436,	3380,	3406,	3419,	3443,	3443,	3366,	3402,	3286,	3019,	2961,	2849,	2680,	2565,	2272,	2179,	1816,	1698,	1380,	1177,	976,	806,	653,	501,	367,	313,	226,	160,	88,	76,	53,	25,	16,	9,	11,	1,	3,	0,	0,	0,	0,	0,	0,	0,	0,	
d=9:	0,	2127,	2034,	1990,	1996,	2062,	1974,	2009,	1985,	1992,	2030,	1955,	1993,	1989,	1992,	1967,	1943,	1946,	1911,	1941,	1968,	1930,	1853,	1867,	1827,	1728,	1691,	1623,	1550,	1463,	1316,	1203,	1042,	898,	786,	687,	576,	477,	369,	343,	251,	178,	134,	100,	73,	51,	27,	17,	8,	6,	7,	4,	1,	2,	1,	0,	0,	0,	0,	0,	0,	
------------------------------------
piece type = king

mean difference between predicted score and currend alpha (before prediction)
d=0:	0,	38,	73,	1,	0,	0,	0,	0,	0,	92,	0,	0,	254,	445,	236,	227,	568,	438,	369,	387,	382,	368,	393,	367,	364,	345,	306,	291,	253,	257,	245,	216,	184,	185,	188,	163,	171,	164,	166,	131,	126,	159,	138,	136,	112,	123,	138,	145,	129,	90,	77,	71,	92,	0,	0,	256,	0,	0,	0,	0,	0,	
d=1:	0,	42,	69,	152,	146,	392,	333,	184,	244,	270,	306,	385,	278,	369,	412,	351,	437,	430,	430,	438,	421,	391,	395,	370,	356,	340,	323,	306,	281,	264,	247,	220,	202,	188,	171,	159,	150,	144,	135,	130,	121,	120,	115,	109,	107,	102,	99,	100,	96,	99,	94,	99,	92,	89,	63,	64,	176,	53,	79,	85,	0,	
d=2:	0,	61,	68,	285,	282,	165,	251,	136,	217,	133,	216,	150,	247,	200,	230,	234,	295,	327,	266,	301,	295,	298,	284,	256,	244,	223,	219,	205,	191,	170,	165,	143,	134,	123,	111,	104,	98,	93,	89,	82,	77,	71,	71,	63,	64,	63,	55,	69,	62,	73,	48,	56,	49,	28,	20,	0,	88,	0,	0,	0,	0,	
d=3:	0,	64,	110,	34,	308,	199,	273,	118,	209,	213,	214,	318,	107,	307,	308,	292,	319,	330,	292,	311,	273,	283,	290,	274,	268,	251,	258,	260,	260,	254,	229,	216,	202,	185,	175,	163,	160,	148,	149,	137,	135,	134,	126,	125,	117,	112,	114,	115,	106,	104,	82,	102,	102,	119,	85,	0,	124,	235,	413,	0,	0,	
d=4:	0,	46,	53,	108,	788,	207,	58,	194,	145,	181,	277,	405,	385,	356,	383,	301,	317,	349,	351,	320,	315,	292,	293,	269,	261,	230,	212,	188,	176,	154,	148,	127,	108,	107,	94,	91,	91,	80,	75,	78,	68,	72,	65,	55,	46,	61,	53,	65,	41,	42,	61,	65,	11,	17,	0,	26,	12,	0,	28,	0,	0,	
d=5:	0,	55,	120,	253,	425,	336,	218,	494,	249,	316,	355,	291,	337,	355,	293,	334,	297,	297,	329,	358,	349,	318,	270,	265,	232,	201,	208,	185,	163,	138,	129,	114,	98,	93,	86,	84,	80,	74,	72,	69,	64,	58,	60,	56,	52,	52,	61,	56,	49,	55,	75,	44,	69,	107,	6,	0,	0,	0,	406,	0,	0,	
d=6:	0,	36,	44,	0,	394,	268,	196,	125,	152,	137,	380,	332,	217,	425,	306,	275,	222,	236,	268,	338,	239,	285,	237,	255,	236,	207,	182,	174,	164,	148,	129,	122,	109,	96,	100,	82,	82,	76,	78,	67,	74,	72,	66,	57,	64,	50,	55,	68,	53,	52,	75,	98,	61,	85,	22,	223,	0,	39,	0,	0,	0,	
d=7:	0,	27,	63,	229,	189,	374,	206,	117,	258,	190,	291,	179,	105,	289,	177,	186,	280,	363,	288,	326,	304,	276,	287,	274,	254,	198,	193,	171,	179,	157,	138,	123,	105,	102,	95,	87,	93,	81,	75,	73,	61,	64,	58,	65,	59,	69,	66,	74,	52,	41,	23,	41,	28,	63,	0,	0,	10,	0,	0,	0,	0,	
d=8:	0,	6,	66,	0,	10,	370,	0,	50,	3,	63,	15,	33,	127,	403,	107,	220,	194,	199,	207,	248,	203,	216,	238,	212,	192,	186,	156,	180,	157,	130,	121,	110,	101,	89,	83,	88,	79,	85,	79,	66,	67,	65,	69,	69,	101,	58,	102,	83,	27,	37,	20,	50,	33,	0,	0,	0,	0,	0,	0,	0,	0,	
d=9:	0,	0,	1,	0,	0,	0,	8,	2,	0,	50,	66,	0,	50,	6,	86,	66,	126,	135,	158,	182,	245,	272,	290,	202,	190,	188,	190,	179,	166,	138,	120,	112,	118,	111,	87,	97,	110,	103,	96,	90,	80,	104,	82,	97,	113,	96,	130,	41,	36,	75,	18,	28,	13,	42,	15,	0,	0,	0,	0,	0,	0,	
~95% quantile
d=0:	0,	-123,	-174,	1,	0,	0,	0,	0,	0,	84,	0,	0,	-46,	-90,	183,	-137,	105,	-3,	-67,	-24,	-91,	-54,	-73,	-124,	-133,	-139,	-152,	-114,	-144,	-133,	-168,	-158,	-131,	-134,	-148,	-137,	-121,	-121,	-158,	-84,	-121,	-90,	-116,	-119,	-99,	-102,	-68,	-47,	-50,	29,	45,	37,	92,	0,	0,	256,	0,	0,	0,	0,	0,	
d=1:	0,	-191,	-178,	-199,	-116,	-34,	-71,	-170,	-210,	-192,	-266,	-208,	-130,	-96,	-64,	-99,	-148,	-53,	-15,	0,	-23,	-38,	-21,	-47,	-32,	-47,	-61,	-87,	-92,	-106,	-113,	-118,	-121,	-127,	-121,	-116,	-113,	-105,	-99,	-93,	-80,	-76,	-68,	-74,	-66,	-52,	-44,	-59,	-26,	-33,	-34,	-50,	-20,	8,	-5,	4,	-47,	-33,	79,	85,	0,	
d=2:	0,	-157,	-116,	-198,	-49,	-166,	-234,	-185,	-72,	-109,	-157,	-156,	-176,	-218,	-203,	-185,	-149,	-93,	-149,	-110,	-136,	-111,	-117,	-132,	-142,	-143,	-142,	-153,	-153,	-155,	-154,	-152,	-152,	-148,	-149,	-141,	-134,	-137,	-131,	-124,	-125,	-114,	-134,	-104,	-109,	-157,	-80,	-130,	-121,	-160,	-77,	-115,	-89,	-20,	-9,	0,	88,	0,	0,	0,	0,	
d=3:	0,	-155,	-259,	-111,	9,	-185,	-164,	-155,	-181,	-105,	-121,	-19,	-14,	-143,	-265,	-186,	-295,	-141,	-131,	-143,	-160,	-133,	-134,	-137,	-128,	-132,	-133,	-129,	-99,	-96,	-119,	-115,	-119,	-108,	-109,	-100,	-104,	-91,	-93,	-75,	-79,	-82,	-72,	-72,	-73,	-55,	-107,	-75,	-63,	-53,	4,	35,	-31,	-55,	42,	0,	124,	235,	413,	0,	0,	
d=4:	0,	-151,	-98,	-158,	-19,	-151,	-73,	-70,	-193,	-251,	-374,	-177,	-288,	-202,	-186,	-215,	-232,	-179,	-117,	-167,	-166,	-198,	-170,	-187,	-183,	-157,	-177,	-184,	-183,	-170,	-181,	-164,	-159,	-158,	-142,	-146,	-162,	-126,	-119,	-130,	-131,	-144,	-114,	-83,	-73,	-116,	-83,	-118,	-58,	-69,	-69,	-155,	0,	-4,	0,	26,	12,	0,	28,	0,	0,	
d=5:	0,	-171,	-218,	-156,	129,	-16,	-341,	55,	-171,	-60,	-270,	-219,	-142,	-222,	-405,	-196,	-203,	-232,	-214,	-188,	-194,	-209,	-205,	-233,	-200,	-200,	-189,	-184,	-202,	-182,	-182,	-184,	-160,	-143,	-148,	-166,	-146,	-135,	-136,	-149,	-128,	-105,	-112,	-94,	-83,	-115,	-130,	-124,	-63,	-132,	-150,	-96,	-89,	-94,	-3,	0,	0,	0,	406,	0,	0,	
d=6:	0,	-122,	-170,	0,	394,	-220,	-75,	14,	-212,	-202,	-39,	-261,	-254,	-164,	-288,	-190,	-206,	-189,	-194,	-185,	-170,	-158,	-169,	-198,	-202,	-187,	-190,	-173,	-190,	-167,	-179,	-176,	-154,	-148,	-163,	-128,	-145,	-153,	-163,	-142,	-135,	-146,	-112,	-130,	-154,	-99,	-96,	-246,	-56,	-82,	-80,	-142,	-48,	-79,	-18,	223,	0,	39,	0,	0,	0,	
d=7:	0,	-103,	-194,	-153,	-113,	-154,	-108,	34,	94,	-148,	-137,	-195,	-153,	-166,	-181,	-266,	-191,	-142,	-253,	-211,	-215,	-188,	-246,	-247,	-275,	-210,	-212,	-191,	-189,	-203,	-203,	-196,	-185,	-177,	-167,	-176,	-162,	-171,	-151,	-174,	-126,	-146,	-119,	-140,	-109,	-191,	-166,	-210,	-72,	-92,	-13,	-17,	-24,	-43,	0,	0,	10,	0,	0,	0,	0,	
d=8:	0,	-35,	-66,	0,	10,	370,	0,	50,	-4,	-36,	-27,	-58,	-289,	-364,	-49,	-303,	-180,	-177,	-172,	-153,	-162,	-163,	-128,	-190,	-179,	-198,	-199,	-178,	-194,	-189,	-178,	-193,	-181,	-168,	-178,	-191,	-173,	-174,	-172,	-142,	-159,	-179,	-204,	-207,	-332,	-198,	-355,	-125,	-25,	-1,	-12,	50,	0,	0,	0,	0,	0,	0,	0,	0,	0,	
d=9:	0,	-2,	-4,	0,	0,	0,	8,	2,	0,	50,	66,	0,	50,	-2,	-193,	-137,	-304,	-248,	-247,	-355,	-345,	-279,	-198,	-269,	-307,	-319,	-301,	-297,	-281,	-242,	-265,	-231,	-238,	-226,	-205,	-214,	-212,	-217,	-180,	-144,	-153,	-175,	-176,	-230,	-265,	-260,	-194,	-101,	-32,	42,	-27,	-20,	13,	40,	15,	0,	0,	0,	0,	0,	0,	
number of samples
d=0:	0,	40,	8,	1,	0,	0,	0,	0,	0,	2,	0,	0,	3,	4,	3,	5,	9,	19,	20,	22,	35,	73,	76,	116,	118,	176,	198,	220,	244,	272,	303,	360,	357,	361,	306,	320,	285,	269,	223,	175,	141,	142,	97,	76,	63,	38,	19,	16,	18,	5,	4,	2,	1,	0,	0,	1,	0,	0,	0,	0,	0,	
d=1:	0,	1043,	165,	15,	7,	7,	10,	11,	11,	16,	16,	16,	22,	34,	43,	65,	79,	134,	229,	314,	456,	650,	951,	1123,	1461,	1908,	2304,	2649,	3168,	3567,	4002,	4326,	4536,	4633,	4558,	4369,	4258,	3785,	3481,	3006,	2510,	2071,	1762,	1343,	1080,	774,	556,	391,	258,	204,	108,	70,	35,	34,	21,	11,	4,	4,	1,	1,	0,	
d=2:	0,	284,	50,	9,	8,	5,	10,	9,	11,	9,	17,	15,	14,	30,	52,	52,	86,	126,	174,	235,	320,	507,	665,	829,	1070,	1282,	1526,	1849,	2140,	2339,	2449,	2525,	2456,	2494,	2358,	2271,	1969,	1830,	1550,	1275,	1078,	845,	672,	541,	352,	254,	212,	103,	74,	47,	37,	24,	15,	10,	4,	0,	1,	0,	0,	0,	0,	
d=3:	0,	191,	44,	7,	7,	6,	9,	5,	11,	9,	15,	13,	12,	28,	39,	51,	81,	103,	135,	226,	315,	416,	566,	772,	971,	1130,	1378,	1713,	1895,	2053,	2202,	2385,	2326,	2287,	2227,	2194,	1882,	1778,	1492,	1278,	1014,	825,	623,	538,	371,	293,	192,	120,	94,	46,	44,	23,	16,	10,	4,	1,	1,	1,	1,	0,	0,	
d=4:	0,	102,	25,	8,	3,	4,	3,	7,	10,	10,	14,	16,	18,	30,	43,	50,	51,	93,	120,	175,	239,	341,	447,	483,	682,	835,	983,	1148,	1301,	1433,	1495,	1511,	1571,	1603,	1461,	1448,	1212,	1123,	984,	830,	675,	546,	368,	308,	223,	152,	112,	94,	49,	27,	23,	12,	5,	6,	0,	1,	1,	0,	1,	0,	0,	
d=5:	0,	97,	21,	6,	4,	6,	7,	4,	10,	8,	11,	21,	25,	26,	33,	34,	46,	73,	88,	138,	161,	247,	360,	444,	640,	719,	813,	975,	1117,	1194,	1366,	1494,	1586,	1471,	1415,	1310,	1190,	1011,	963,	767,	603,	515,	337,	272,	198,	185,	102,	78,	51,	31,	19,	8,	6,	7,	3,	0,	0,	0,	1,	0,	0,	
d=6:	0,	46,	12,	0,	1,	2,	4,	3,	6,	6,	11,	10,	10,	18,	17,	28,	44,	59,	58,	93,	131,	200,	252,	316,	376,	524,	615,	701,	819,	938,	991,	962,	1091,	1027,	964,	879,	786,	730,	590,	582,	453,	358,	263,	229,	156,	112,	79,	55,	34,	19,	13,	3,	3,	5,	2,	1,	0,	1,	0,	0,	0,	
d=7:	0,	24,	11,	4,	3,	2,	9,	4,	4,	7,	11,	6,	12,	12,	13,	21,	44,	37,	60,	67,	102,	131,	187,	243,	311,	391,	406,	571,	630,	707,	768,	811,	819,	794,	740,	662,	597,	573,	495,	414,	346,	233,	201,	167,	107,	75,	60,	31,	25,	13,	9,	6,	6,	3,	0,	0,	1,	0,	0,	0,	0,	
d=8:	0,	12,	2,	0,	1,	1,	0,	1,	2,	3,	5,	3,	4,	4,	7,	20,	22,	24,	30,	38,	51,	81,	86,	140,	179,	196,	260,	332,	369,	424,	422,	499,	501,	499,	462,	454,	371,	328,	302,	242,	195,	177,	144,	89,	58,	58,	38,	18,	10,	6,	9,	1,	3,	0,	0,	0,	0,	0,	0,	0,	0,	
d=9:	0,	9,	3,	0,	0,	0,	1,	1,	0,	1,	1,	0,	1,	2,	6,	13,	16,	16,	27,	21,	16,	37,	54,	79,	92,	92,	138,	172,	192,	264,	284,	275,	265,	253,	251,	246,	233,	170,	161,	167,	140,	107,	86,	66,	48,	36,	20,	13,	5,	3,	4,	3,	1,	2,	1,	0,	0,	0,	0,	0,	0,	
------------------------------------
piece type = queen

mean difference between predicted score and currend alpha (before prediction)
d=0:	0,	114,	121,	114,	124,	121,	119,	128,	132,	135,	123,	124,	112,	139,	86,	94,	169,	57,	0,	39,	0,	0,	0,	0,	0,	0,	0,	0,	0,	0,	0,	0,	0,	0,	0,	0,	0,	0,	0,	0,	0,	0,	0,	0,	0,	0,	0,	0,	0,	0,	0,	0,	0,	0,	0,	0,	0,	0,	0,	0,	0,	
d=1:	0,	96,	104,	100,	96,	93,	95,	93,	95,	96,	94,	96,	96,	97,	97,	91,	85,	98,	88,	85,	96,	102,	21,	0,	0,	0,	0,	0,	0,	0,	0,	0,	0,	0,	0,	0,	0,	0,	0,	0,	0,	0,	0,	0,	0,	0,	0,	0,	0,	0,	0,	0,	0,	0,	0,	0,	0,	0,	0,	0,	0,	
d=2:	0,	92,	102,	100,	97,	102,	107,	116,	125,	129,	135,	139,	141,	144,	127,	149,	159,	130,	79,	67,	32,	0,	0,	0,	0,	0,	0,	0,	0,	0,	0,	0,	0,	0,	0,	0,	0,	0,	0,	0,	0,	0,	0,	0,	0,	0,	0,	0,	0,	0,	0,	0,	0,	0,	0,	0,	0,	0,	0,	0,	0,	
d=3:	0,	99,	102,	98,	98,	104,	108,	115,	123,	137,	144,	148,	147,	149,	136,	130,	145,	163,	96,	87,	186,	0,	0,	1,	0,	0,	0,	0,	0,	0,	0,	0,	0,	0,	0,	0,	0,	0,	0,	0,	0,	0,	0,	0,	0,	0,	0,	0,	0,	0,	0,	0,	0,	0,	0,	0,	0,	0,	0,	0,	0,	
d=4:	0,	99,	102,	100,	99,	107,	108,	122,	126,	136,	150,	158,	152,	145,	151,	142,	108,	126,	94,	50,	223,	0,	38,	0,	0,	0,	0,	0,	0,	0,	0,	0,	0,	0,	0,	0,	0,	0,	0,	0,	0,	0,	0,	0,	0,	0,	0,	0,	0,	0,	0,	0,	0,	0,	0,	0,	0,	0,	0,	0,	0,	
d=5:	0,	65,	64,	61,	62,	66,	73,	87,	117,	136,	137,	150,	136,	137,	175,	174,	143,	287,	40,	73,	0,	31,	12,	4,	0,	0,	0,	0,	0,	0,	0,	0,	0,	0,	0,	0,	0,	0,	0,	0,	0,	0,	0,	0,	0,	0,	0,	0,	0,	0,	0,	0,	0,	0,	0,	0,	0,	0,	0,	0,	0,	
d=6:	0,	62,	63,	60,	57,	59,	66,	71,	76,	73,	78,	78,	86,	78,	102,	92,	95,	83,	102,	32,	0,	0,	0,	0,	0,	0,	0,	0,	0,	0,	0,	0,	0,	0,	0,	0,	0,	0,	0,	0,	0,	0,	0,	0,	0,	0,	0,	0,	0,	0,	0,	0,	0,	0,	0,	0,	0,	0,	0,	0,	0,	
d=7:	0,	34,	34,	40,	48,	60,	63,	63,	69,	76,	79,	87,	78,	93,	60,	61,	107,	181,	5,	0,	0,	0,	0,	0,	0,	0,	0,	0,	0,	0,	0,	0,	0,	0,	0,	0,	0,	0,	0,	0,	0,	0,	0,	0,	0,	0,	0,	0,	0,	0,	0,	0,	0,	0,	0,	0,	0,	0,	0,	0,	0,	
d=8:	0,	23,	20,	23,	24,	26,	29,	36,	37,	45,	49,	48,	54,	63,	75,	56,	41,	51,	1,	0,	0,	0,	0,	0,	0,	0,	0,	0,	0,	0,	0,	0,	0,	0,	0,	0,	0,	0,	0,	0,	0,	0,	0,	0,	0,	0,	0,	0,	0,	0,	0,	0,	0,	0,	0,	0,	0,	0,	0,	0,	0,	
d=9:	0,	18,	17,	14,	18,	21,	22,	27,	35,	36,	38,	50,	59,	30,	48,	4,	1,	0,	0,	0,	0,	0,	0,	0,	0,	0,	0,	0,	0,	0,	0,	0,	0,	0,	0,	0,	0,	0,	0,	0,	0,	0,	0,	0,	0,	0,	0,	0,	0,	0,	0,	0,	0,	0,	0,	0,	0,	0,	0,	0,	0,	
~95% quantile
d=0:	0,	-179,	-164,	-152,	-154,	-151,	-161,	-156,	-151,	-154,	-164,	-175,	-147,	-223,	-150,	-167,	-128,	-59,	0,	39,	0,	0,	0,	0,	0,	0,	0,	0,	0,	0,	0,	0,	0,	0,	0,	0,	0,	0,	0,	0,	0,	0,	0,	0,	0,	0,	0,	0,	0,	0,	0,	0,	0,	0,	0,	0,	0,	0,	0,	0,	0,	
d=1:	0,	-155,	-141,	-136,	-135,	-134,	-138,	-137,	-143,	-142,	-143,	-142,	-141,	-138,	-143,	-144,	-128,	-173,	-147,	-121,	-91,	1,	-13,	0,	0,	0,	0,	0,	0,	0,	0,	0,	0,	0,	0,	0,	0,	0,	0,	0,	0,	0,	0,	0,	0,	0,	0,	0,	0,	0,	0,	0,	0,	0,	0,	0,	0,	0,	0,	0,	0,	
d=2:	0,	-189,	-184,	-177,	-177,	-177,	-183,	-186,	-189,	-194,	-195,	-200,	-207,	-207,	-200,	-217,	-206,	-229,	-216,	-86,	4,	0,	0,	0,	0,	0,	0,	0,	0,	0,	0,	0,	0,	0,	0,	0,	0,	0,	0,	0,	0,	0,	0,	0,	0,	0,	0,	0,	0,	0,	0,	0,	0,	0,	0,	0,	0,	0,	0,	0,	0,	
d=3:	0,	-210,	-190,	-179,	-179,	-183,	-184,	-187,	-191,	-200,	-199,	-198,	-209,	-221,	-211,	-239,	-188,	-210,	-192,	-242,	-78,	0,	0,	1,	0,	0,	0,	0,	0,	0,	0,	0,	0,	0,	0,	0,	0,	0,	0,	0,	0,	0,	0,	0,	0,	0,	0,	0,	0,	0,	0,	0,	0,	0,	0,	0,	0,	0,	0,	0,	0,	
d=4:	0,	-230,	-207,	-212,	-209,	-216,	-220,	-240,	-235,	-242,	-260,	-270,	-207,	-234,	-234,	-281,	-204,	-212,	-338,	-49,	-461,	0,	10,	0,	0,	0,	0,	0,	0,	0,	0,	0,	0,	0,	0,	0,	0,	0,	0,	0,	0,	0,	0,	0,	0,	0,	0,	0,	0,	0,	0,	0,	0,	0,	0,	0,	0,	0,	0,	0,	0,	
d=5:	0,	-184,	-181,	-178,	-186,	-177,	-180,	-200,	-233,	-265,	-263,	-261,	-249,	-243,	-325,	-363,	-266,	-423,	-52,	-40,	0,	-27,	-6,	4,	0,	0,	0,	0,	0,	0,	0,	0,	0,	0,	0,	0,	0,	0,	0,	0,	0,	0,	0,	0,	0,	0,	0,	0,	0,	0,	0,	0,	0,	0,	0,	0,	0,	0,	0,	0,	0,	
d=6:	0,	-165,	-161,	-159,	-153,	-155,	-170,	-177,	-196,	-179,	-217,	-180,	-228,	-167,	-238,	-291,	-304,	-91,	-87,	-8,	0,	0,	0,	0,	0,	0,	0,	0,	0,	0,	0,	0,	0,	0,	0,	0,	0,	0,	0,	0,	0,	0,	0,	0,	0,	0,	0,	0,	0,	0,	0,	0,	0,	0,	0,	0,	0,	0,	0,	0,	0,	
d=7:	0,	-135,	-123,	-131,	-147,	-165,	-150,	-161,	-178,	-193,	-186,	-243,	-204,	-246,	-134,	-147,	-166,	-88,	-6,	0,	0,	0,	0,	0,	0,	0,	0,	0,	0,	0,	0,	0,	0,	0,	0,	0,	0,	0,	0,	0,	0,	0,	0,	0,	0,	0,	0,	0,	0,	0,	0,	0,	0,	0,	0,	0,	0,	0,	0,	0,	0,	
d=8:	0,	-120,	-98,	-122,	-111,	-108,	-114,	-132,	-129,	-142,	-171,	-216,	-176,	-134,	-131,	-197,	-94,	-84,	1,	0,	0,	0,	0,	0,	0,	0,	0,	0,	0,	0,	0,	0,	0,	0,	0,	0,	0,	0,	0,	0,	0,	0,	0,	0,	0,	0,	0,	0,	0,	0,	0,	0,	0,	0,	0,	0,	0,	0,	0,	0,	0,	
d=9:	0,	-124,	-93,	-92,	-94,	-115,	-103,	-128,	-129,	-139,	-141,	-167,	-198,	-102,	-169,	-10,	-2,	0,	0,	0,	0,	0,	0,	0,	0,	0,	0,	0,	0,	0,	0,	0,	0,	0,	0,	0,	0,	0,	0,	0,	0,	0,	0,	0,	0,	0,	0,	0,	0,	0,	0,	0,	0,	0,	0,	0,	0,	0,	0,	0,	0,	
number of samples
d=0:	0,	2516,	2362,	2231,	2134,	1900,	1547,	1234,	877,	645,	468,	270,	178,	96,	65,	25,	14,	5,	0,	1,	0,	0,	0,	0,	0,	0,	0,	0,	0,	0,	0,	0,	0,	0,	0,	0,	0,	0,	0,	0,	0,	0,	0,	0,	0,	0,	0,	0,	0,	0,	0,	0,	0,	0,	0,	0,	0,	0,	0,	0,	0,	
d=1:	0,	29880,	31873,	34125,	32605,	29809,	25363,	21272,	16554,	12032,	8221,	5442,	3525,	2155,	1236,	666,	319,	143,	74,	19,	7,	3,	2,	0,	0,	0,	0,	0,	0,	0,	0,	0,	0,	0,	0,	0,	0,	0,	0,	0,	0,	0,	0,	0,	0,	0,	0,	0,	0,	0,	0,	0,	0,	0,	0,	0,	0,	0,	0,	0,	0,	
d=2:	0,	15986,	17277,	17701,	16590,	14707,	12530,	10172,	8003,	5825,	3922,	2571,	1664,	967,	571,	294,	138,	73,	24,	8,	4,	0,	0,	0,	0,	0,	0,	0,	0,	0,	0,	0,	0,	0,	0,	0,	0,	0,	0,	0,	0,	0,	0,	0,	0,	0,	0,	0,	0,	0,	0,	0,	0,	0,	0,	0,	0,	0,	0,	0,	0,	
d=3:	0,	12438,	14136,	14608,	13933,	12398,	10398,	8421,	6279,	4636,	3117,	2082,	1202,	813,	453,	206,	106,	45,	21,	5,	3,	0,	0,	1,	0,	0,	0,	0,	0,	0,	0,	0,	0,	0,	0,	0,	0,	0,	0,	0,	0,	0,	0,	0,	0,	0,	0,	0,	0,	0,	0,	0,	0,	0,	0,	0,	0,	0,	0,	0,	0,	
d=4:	0,	8340,	9306,	9715,	9121,	8171,	6832,	5376,	4216,	2959,	1988,	1311,	822,	485,	286,	127,	59,	28,	12,	5,	4,	0,	3,	0,	0,	0,	0,	0,	0,	0,	0,	0,	0,	0,	0,	0,	0,	0,	0,	0,	0,	0,	0,	0,	0,	0,	0,	0,	0,	0,	0,	0,	0,	0,	0,	0,	0,	0,	0,	0,	0,	
d=5:	0,	7832,	8663,	8657,	7887,	7016,	5772,	4553,	3339,	2433,	1605,	1014,	632,	423,	260,	112,	54,	23,	11,	5,	0,	2,	2,	1,	0,	0,	0,	0,	0,	0,	0,	0,	0,	0,	0,	0,	0,	0,	0,	0,	0,	0,	0,	0,	0,	0,	0,	0,	0,	0,	0,	0,	0,	0,	0,	0,	0,	0,	0,	0,	0,	
d=6:	0,	5923,	6372,	6261,	5656,	5022,	4083,	3194,	2414,	1755,	1040,	677,	423,	259,	140,	64,	33,	15,	7,	3,	0,	0,	0,	0,	0,	0,	0,	0,	0,	0,	0,	0,	0,	0,	0,	0,	0,	0,	0,	0,	0,	0,	0,	0,	0,	0,	0,	0,	0,	0,	0,	0,	0,	0,	0,	0,	0,	0,	0,	0,	0,	
d=7:	0,	4371,	4482,	4563,	4188,	3550,	2961,	2292,	1718,	1130,	837,	505,	337,	195,	96,	47,	19,	5,	3,	0,	0,	0,	0,	0,	0,	0,	0,	0,	0,	0,	0,	0,	0,	0,	0,	0,	0,	0,	0,	0,	0,	0,	0,	0,	0,	0,	0,	0,	0,	0,	0,	0,	0,	0,	0,	0,	0,	0,	0,	0,	0,	
d=8:	0,	2524,	2798,	2701,	2412,	2011,	1736,	1324,	1003,	676,	433,	262,	170,	87,	49,	26,	4,	6,	1,	0,	0,	1,	0,	0,	0,	0,	0,	0,	0,	0,	0,	0,	0,	0,	0,	0,	0,	0,	0,	0,	0,	0,	0,	0,	0,	0,	0,	0,	0,	0,	0,	0,	0,	0,	0,	0,	0,	0,	0,	0,	0,	
d=9:	0,	1455,	1527,	1504,	1331,	1214,	974,	746,	543,	396,	279,	188,	95,	53,	34,	11,	4,	1,	0,	0,	0,	0,	0,	0,	0,	0,	0,	0,	0,	0,	0,	0,	0,	0,	0,	0,	0,	0,	0,	0,	0,	0,	0,	0,	0,	0,	0,	0,	0,	0,	0,	0,	0,	0,	0,	0,	0,	0,	0,	0,	0,	
------------------------------------
piece type = rook

mean difference between predicted score and currend alpha (before prediction)
d=0:	0,	314,	325,	292,	224,	174,	160,	145,	157,	146,	134,	141,	138,	133,	123,	144,	149,	159,	160,	141,	120,	120,	142,	116,	188,	133,	118,	0,	179,	52,	0,	0,	0,	0,	0,	0,	0,	0,	0,	0,	0,	0,	0,	0,	0,	0,	0,	0,	0,	0,	0,	0,	0,	0,	0,	0,	0,	0,	0,	0,	0,	
d=1:	0,	256,	327,	308,	243,	191,	153,	131,	117,	107,	101,	99,	96,	94,	92,	92,	94,	92,	90,	88,	87,	93,	95,	96,	93,	102,	72,	127,	71,	76,	108,	17,	57,	39,	0,	0,	0,	0,	0,	0,	0,	0,	0,	0,	0,	0,	0,	0,	0,	0,	0,	0,	0,	0,	0,	0,	0,	0,	0,	0,	0,	
d=2:	0,	219,	246,	219,	174,	135,	111,	96,	87,	81,	76,	73,	76,	73,	75,	74,	76,	76,	76,	75,	84,	81,	89,	84,	76,	81,	116,	72,	35,	187,	64,	213,	0,	0,	184,	379,	0,	0,	0,	0,	0,	0,	0,	0,	0,	0,	0,	0,	0,	0,	0,	0,	0,	0,	0,	0,	0,	0,	0,	0,	0,	
d=3:	0,	241,	250,	210,	155,	129,	100,	88,	82,	75,	74,	69,	69,	67,	71,	73,	64,	68,	71,	72,	90,	74,	86,	88,	88,	145,	144,	163,	54,	49,	0,	58,	0,	0,	231,	0,	0,	0,	0,	0,	0,	0,	0,	0,	0,	0,	0,	0,	0,	0,	0,	0,	0,	0,	0,	0,	0,	0,	0,	0,	0,	
d=4:	0,	262,	254,	210,	165,	123,	101,	92,	87,	77,	76,	73,	73,	75,	71,	70,	72,	74,	72,	72,	77,	77,	86,	95,	60,	92,	62,	46,	54,	80,	171,	263,	0,	0,	0,	0,	0,	0,	0,	0,	0,	0,	0,	0,	0,	0,	0,	0,	0,	0,	0,	0,	0,	0,	0,	0,	0,	0,	0,	0,	0,	
d=5:	0,	259,	244,	189,	139,	107,	90,	85,	80,	82,	78,	77,	70,	74,	68,	75,	77,	70,	70,	72,	80,	82,	90,	107,	103,	130,	51,	25,	37,	404,	195,	0,	0,	0,	0,	0,	0,	0,	0,	0,	0,	0,	0,	0,	0,	0,	0,	0,	0,	0,	0,	0,	0,	0,	0,	0,	0,	0,	0,	0,	0,	
d=6:	0,	259,	221,	182,	125,	102,	83,	79,	69,	66,	66,	66,	62,	60,	57,	53,	60,	66,	61,	62,	63,	51,	76,	56,	99,	74,	96,	60,	429,	262,	0,	16,	0,	0,	0,	0,	0,	0,	0,	0,	0,	0,	0,	0,	0,	0,	0,	0,	0,	0,	0,	0,	0,	0,	0,	0,	0,	0,	0,	0,	0,	
d=7:	0,	250,	228,	164,	135,	109,	86,	77,	79,	73,	68,	70,	64,	69,	66,	65,	58,	57,	71,	66,	64,	64,	70,	59,	73,	50,	36,	3,	17,	0,	0,	0,	28,	0,	0,	0,	0,	0,	0,	0,	0,	0,	0,	0,	0,	0,	0,	0,	0,	0,	0,	0,	0,	0,	0,	0,	0,	0,	0,	0,	0,	
d=8:	0,	116,	111,	79,	69,	63,	55,	49,	53,	43,	52,	51,	56,	53,	61,	60,	51,	71,	60,	62,	65,	33,	80,	88,	40,	3,	47,	12,	0,	0,	0,	0,	0,	0,	0,	0,	0,	0,	0,	0,	0,	0,	0,	0,	0,	0,	0,	0,	0,	0,	0,	0,	0,	0,	0,	0,	0,	0,	0,	0,	0,	
d=9:	0,	139,	127,	61,	42,	27,	33,	21,	31,	27,	29,	36,	45,	52,	54,	48,	45,	36,	43,	36,	38,	44,	42,	9,	34,	29,	0,	0,	0,	0,	0,	0,	0,	0,	0,	0,	0,	0,	0,	0,	0,	0,	0,	0,	0,	0,	0,	0,	0,	0,	0,	0,	0,	0,	0,	0,	0,	0,	0,	0,	0,	
~95% quantile
d=0:	0,	-211,	-183,	-226,	-218,	-218,	-198,	-204,	-199,	-195,	-173,	-173,	-152,	-160,	-150,	-127,	-138,	-176,	-145,	-129,	-140,	-87,	-126,	-103,	-53,	-113,	-49,	0,	-123,	52,	0,	0,	0,	0,	0,	0,	0,	0,	0,	0,	0,	0,	0,	0,	0,	0,	0,	0,	0,	0,	0,	0,	0,	0,	0,	0,	0,	0,	0,	0,	0,	
d=1:	0,	-230,	-117,	-121,	-179,	-199,	-185,	-173,	-159,	-143,	-139,	-129,	-130,	-125,	-123,	-116,	-123,	-114,	-118,	-117,	-112,	-129,	-121,	-121,	-127,	-116,	-73,	-187,	-87,	-71,	-39,	-3,	3,	1,	0,	0,	0,	0,	0,	0,	0,	0,	0,	0,	0,	0,	0,	0,	0,	0,	0,	0,	0,	0,	0,	0,	0,	0,	0,	0,	0,	
d=2:	0,	-169,	-131,	-149,	-173,	-175,	-169,	-151,	-146,	-131,	-124,	-123,	-124,	-120,	-121,	-126,	-126,	-124,	-120,	-116,	-127,	-124,	-121,	-115,	-111,	-123,	-158,	-100,	-41,	-210,	-136,	-27,	0,	0,	184,	379,	0,	0,	0,	0,	0,	0,	0,	0,	0,	0,	0,	0,	0,	0,	0,	0,	0,	0,	0,	0,	0,	0,	0,	0,	0,	
d=3:	0,	-151,	-125,	-165,	-182,	-180,	-160,	-149,	-147,	-130,	-126,	-126,	-122,	-126,	-126,	-132,	-109,	-117,	-128,	-119,	-160,	-116,	-158,	-182,	-152,	-115,	-136,	-268,	-34,	-10,	0,	58,	0,	0,	231,	0,	0,	0,	0,	0,	0,	0,	0,	0,	0,	0,	0,	0,	0,	0,	0,	0,	0,	0,	0,	0,	0,	0,	0,	0,	0,	
d=4:	0,	-164,	-161,	-186,	-204,	-198,	-168,	-155,	-153,	-135,	-143,	-123,	-125,	-127,	-129,	-120,	-140,	-124,	-120,	-121,	-141,	-127,	-154,	-144,	-99,	-116,	-84,	-19,	-50,	-72,	-111,	263,	0,	0,	0,	0,	0,	0,	0,	0,	0,	0,	0,	0,	0,	0,	0,	0,	0,	0,	0,	0,	0,	0,	0,	0,	0,	0,	0,	0,	0,	
d=5:	0,	-186,	-191,	-234,	-230,	-204,	-181,	-170,	-157,	-156,	-157,	-144,	-139,	-133,	-146,	-155,	-139,	-124,	-156,	-119,	-96,	-174,	-154,	-154,	-91,	-256,	-63,	-27,	-33,	404,	163,	0,	0,	0,	0,	0,	0,	0,	0,	0,	0,	0,	0,	0,	0,	0,	0,	0,	0,	0,	0,	0,	0,	0,	0,	0,	0,	0,	0,	0,	0,	
d=6:	0,	-259,	-214,	-231,	-208,	-209,	-188,	-176,	-153,	-154,	-134,	-137,	-128,	-129,	-114,	-112,	-125,	-147,	-113,	-165,	-105,	-76,	-89,	-97,	-74,	-111,	-117,	8,	-436,	82,	0,	16,	0,	0,	0,	0,	0,	0,	0,	0,	0,	0,	0,	0,	0,	0,	0,	0,	0,	0,	0,	0,	0,	0,	0,	0,	0,	0,	0,	0,	0,	
d=7:	0,	-322,	-319,	-299,	-292,	-226,	-192,	-181,	-195,	-174,	-161,	-176,	-157,	-148,	-154,	-150,	-149,	-145,	-125,	-108,	-112,	-106,	-102,	-87,	-156,	-72,	-29,	3,	17,	0,	0,	0,	28,	0,	0,	0,	0,	0,	0,	0,	0,	0,	0,	0,	0,	0,	0,	0,	0,	0,	0,	0,	0,	0,	0,	0,	0,	0,	0,	0,	0,	
d=8:	0,	-234,	-255,	-255,	-240,	-187,	-176,	-164,	-167,	-108,	-150,	-144,	-144,	-126,	-141,	-172,	-86,	-173,	-130,	-142,	-118,	-81,	-160,	-157,	-107,	-2,	-67,	12,	0,	0,	0,	0,	0,	0,	0,	0,	0,	0,	0,	0,	0,	0,	0,	0,	0,	0,	0,	0,	0,	0,	0,	0,	0,	0,	0,	0,	0,	0,	0,	0,	0,	
d=9:	0,	-252,	-267,	-207,	-203,	-117,	-183,	-119,	-154,	-135,	-115,	-121,	-148,	-152,	-172,	-129,	-118,	-95,	-109,	-82,	-114,	-196,	-180,	-18,	-90,	2,	0,	0,	0,	0,	0,	0,	0,	0,	0,	0,	0,	0,	0,	0,	0,	0,	0,	0,	0,	0,	0,	0,	0,	0,	0,	0,	0,	0,	0,	0,	0,	0,	0,	0,	0,	
number of samples
d=0:	0,	578,	530,	579,	552,	645,	736,	819,	805,	879,	830,	691,	643,	460,	360,	286,	206,	148,	109,	64,	52,	44,	25,	13,	13,	3,	5,	0,	2,	1,	0,	0,	0,	0,	0,	0,	0,	0,	0,	0,	0,	0,	0,	0,	0,	0,	0,	0,	0,	0,	0,	0,	0,	0,	0,	0,	0,	0,	0,	0,	0,	
d=1:	0,	9799,	8299,	7668,	7760,	8818,	10205,	12450,	13814,	14857,	14686,	13865,	12274,	10353,	8249,	6408,	5009,	3605,	2521,	1766,	1254,	816,	510,	338,	172,	109,	77,	37,	28,	18,	5,	4,	2,	2,	0,	0,	0,	0,	0,	0,	0,	0,	0,	0,	0,	0,	0,	0,	0,	0,	0,	0,	0,	0,	0,	0,	0,	0,	0,	0,	0,	
d=2:	0,	5257,	4793,	4591,	4558,	5141,	5576,	6191,	7085,	7261,	7014,	6401,	5642,	4597,	3657,	2807,	2210,	1625,	1191,	759,	491,	356,	228,	163,	103,	67,	26,	27,	10,	4,	5,	3,	0,	0,	1,	1,	0,	0,	0,	0,	0,	0,	0,	0,	0,	0,	0,	0,	0,	0,	0,	0,	0,	0,	0,	0,	0,	0,	0,	0,	0,	
d=3:	0,	3733,	3754,	3855,	3840,	4234,	5099,	5795,	6273,	6299,	6067,	5367,	4549,	3578,	2931,	2196,	1724,	1196,	886,	609,	419,	249,	185,	111,	51,	47,	16,	9,	2,	4,	0,	1,	0,	0,	1,	0,	0,	0,	0,	0,	0,	0,	0,	0,	0,	0,	0,	0,	0,	0,	0,	0,	0,	0,	0,	0,	0,	0,	0,	0,	0,	
d=4:	0,	2538,	2468,	2527,	2626,	2950,	3276,	3819,	4068,	3963,	3834,	3369,	2954,	2241,	1788,	1391,	1034,	792,	544,	371,	255,	167,	105,	79,	36,	25,	15,	3,	2,	2,	3,	1,	0,	0,	0,	0,	0,	0,	0,	0,	0,	0,	0,	0,	0,	0,	0,	0,	0,	0,	0,	0,	0,	0,	0,	0,	0,	0,	0,	0,	0,	
d=5:	0,	1972,	2083,	2108,	2396,	2626,	2979,	3221,	3470,	3442,	3175,	2763,	2296,	1780,	1451,	1091,	780,	632,	432,	307,	189,	134,	114,	64,	33,	16,	7,	6,	3,	1,	2,	0,	0,	0,	0,	0,	0,	0,	0,	0,	0,	0,	0,	0,	0,	0,	0,	0,	0,	0,	0,	0,	0,	0,	0,	0,	0,	0,	0,	0,	0,	
d=6:	0,	1355,	1414,	1518,	1730,	1938,	2324,	2425,	2501,	2461,	2286,	1973,	1607,	1295,	949,	754,	571,	427,	292,	180,	129,	86,	70,	36,	20,	10,	13,	2,	3,	3,	0,	1,	0,	0,	0,	0,	0,	0,	0,	0,	0,	0,	0,	0,	0,	0,	0,	0,	0,	0,	0,	0,	0,	0,	0,	0,	0,	0,	0,	0,	0,	
d=7:	0,	1067,	1097,	1219,	1350,	1501,	1576,	1774,	1734,	1643,	1517,	1353,	1163,	846,	708,	565,	397,	295,	222,	135,	96,	71,	46,	32,	18,	13,	5,	1,	1,	0,	0,	0,	1,	0,	0,	0,	0,	0,	0,	0,	0,	0,	0,	0,	0,	0,	0,	0,	0,	0,	0,	0,	0,	0,	0,	0,	0,	0,	0,	0,	0,	
d=8:	0,	524,	574,	634,	719,	879,	923,	1070,	1021,	1007,	931,	808,	601,	518,	367,	309,	233,	159,	110,	83,	54,	39,	38,	25,	12,	5,	5,	1,	0,	0,	0,	0,	0,	0,	0,	0,	0,	0,	0,	0,	0,	0,	0,	0,	0,	0,	0,	0,	0,	0,	0,	0,	0,	0,	0,	0,	0,	0,	0,	0,	0,	
d=9:	0,	316,	335,	358,	431,	462,	490,	545,	527,	552,	510,	410,	358,	307,	257,	196,	165,	126,	86,	64,	46,	29,	15,	12,	8,	3,	0,	0,	0,	0,	0,	0,	0,	0,	0,	0,	0,	0,	0,	0,	0,	0,	0,	0,	0,	0,	0,	0,	0,	0,	0,	0,	0,	0,	0,	0,	0,	0,	0,	0,	0,	
------------------------------------
piece type = bishop

mean difference between predicted score and currend alpha (before prediction)
d=0:	0,	19,	25,	150,	293,	423,	429,	389,	381,	334,	319,	298,	263,	243,	233,	191,	181,	163,	153,	155,	123,	124,	127,	123,	112,	106,	118,	102,	101,	109,	99,	109,	99,	77,	84,	127,	90,	127,	97,	131,	56,	42,	57,	0,	33,	12,	0,	0,	0,	0,	0,	0,	0,	0,	0,	0,	0,	0,	0,	0,	0,	
d=1:	0,	55,	70,	68,	293,	442,	421,	397,	369,	357,	332,	312,	291,	266,	242,	219,	199,	177,	158,	140,	129,	113,	105,	97,	88,	82,	79,	75,	69,	66,	66,	60,	60,	53,	53,	50,	51,	46,	45,	44,	43,	53,	45,	43,	47,	75,	36,	49,	40,	10,	24,	0,	0,	0,	0,	0,	0,	0,	0,	0,	0,	
d=2:	0,	54,	69,	99,	267,	306,	274,	256,	251,	240,	217,	209,	188,	178,	161,	144,	136,	125,	118,	107,	103,	93,	90,	91,	87,	83,	79,	80,	80,	77,	78,	73,	72,	72,	76,	75,	81,	76,	85,	67,	67,	69,	68,	45,	22,	118,	0,	22,	0,	0,	0,	0,	0,	0,	0,	0,	0,	0,	0,	0,	0,	
d=3:	0,	63,	62,	104,	268,	310,	299,	280,	248,	225,	212,	198,	185,	168,	154,	140,	128,	114,	107,	102,	95,	87,	86,	83,	85,	85,	92,	93,	94,	92,	93,	80,	79,	81,	84,	83,	75,	79,	65,	71,	54,	67,	50,	41,	17,	55,	20,	95,	0,	0,	0,	0,	0,	0,	0,	0,	0,	0,	0,	0,	0,	
d=4:	0,	56,	71,	120,	266,	304,	315,	304,	265,	244,	227,	205,	187,	170,	152,	138,	129,	114,	110,	102,	93,	88,	83,	85,	81,	76,	79,	71,	76,	70,	76,	72,	65,	75,	76,	78,	78,	84,	94,	90,	74,	55,	22,	92,	110,	23,	120,	0,	0,	0,	0,	0,	0,	0,	0,	0,	0,	0,	0,	0,	0,	
d=5:	0,	30,	37,	84,	301,	299,	308,	281,	258,	240,	214,	190,	171,	155,	142,	122,	114,	105,	93,	91,	81,	82,	76,	73,	73,	71,	70,	70,	70,	67,	71,	68,	69,	72,	72,	75,	65,	90,	80,	89,	122,	98,	125,	119,	52,	59,	0,	0,	0,	0,	0,	0,	0,	0,	0,	0,	0,	0,	0,	0,	0,	
d=6:	0,	19,	30,	157,	249,	326,	293,	243,	219,	206,	181,	165,	149,	133,	116,	101,	87,	80,	70,	60,	56,	55,	48,	55,	57,	63,	67,	69,	67,	67,	66,	65,	68,	71,	53,	61,	72,	61,	72,	72,	44,	113,	77,	2,	0,	0,	0,	0,	0,	0,	0,	0,	0,	0,	0,	0,	0,	0,	0,	0,	0,	
d=7:	0,	7,	24,	164,	202,	265,	276,	229,	195,	210,	193,	168,	156,	136,	121,	108,	86,	85,	69,	67,	62,	57,	52,	46,	47,	44,	47,	37,	40,	44,	47,	30,	28,	42,	28,	40,	23,	51,	13,	48,	37,	12,	11,	0,	148,	0,	0,	0,	0,	0,	0,	0,	0,	0,	0,	0,	0,	0,	0,	0,	0,	
d=8:	0,	6,	11,	19,	73,	141,	99,	127,	89,	104,	82,	71,	69,	63,	70,	84,	77,	65,	67,	60,	57,	53,	53,	49,	48,	50,	47,	45,	38,	45,	43,	44,	45,	39,	38,	22,	49,	54,	14,	27,	10,	12,	0,	0,	0,	0,	0,	0,	0,	0,	0,	0,	0,	0,	0,	0,	0,	0,	0,	0,	0,	
d=9:	0,	1,	5,	19,	136,	39,	87,	56,	62,	80,	76,	83,	65,	69,	65,	58,	45,	42,	31,	34,	28,	25,	26,	27,	27,	24,	26,	22,	18,	24,	24,	23,	24,	11,	19,	11,	11,	61,	26,	26,	0,	0,	106,	10,	10,	0,	0,	0,	0,	0,	0,	0,	0,	0,	0,	0,	0,	0,	0,	0,	0,	
~95% quantile
d=0:	0,	-144,	-132,	-346,	-183,	-69,	-40,	-61,	-120,	-107,	-121,	-145,	-171,	-163,	-194,	-195,	-200,	-188,	-184,	-209,	-164,	-173,	-193,	-185,	-147,	-164,	-170,	-155,	-184,	-196,	-237,	-146,	-169,	-102,	-152,	-146,	-126,	-275,	-145,	-98,	-69,	42,	57,	0,	33,	12,	0,	0,	0,	0,	0,	0,	0,	0,	0,	0,	0,	0,	0,	0,	0,	
d=1:	0,	-186,	-179,	-219,	-277,	54,	3,	9,	-24,	-35,	-62,	-79,	-98,	-117,	-144,	-156,	-167,	-169,	-177,	-174,	-173,	-169,	-162,	-158,	-152,	-151,	-141,	-136,	-128,	-120,	-126,	-111,	-116,	-103,	-101,	-100,	-101,	-88,	-87,	-95,	-86,	-105,	-101,	-63,	-99,	-95,	-61,	-47,	0,	10,	24,	0,	0,	0,	0,	0,	0,	0,	0,	0,	0,	
d=2:	0,	-169,	-164,	-182,	-161,	-55,	-86,	-114,	-116,	-114,	-126,	-126,	-135,	-144,	-149,	-154,	-152,	-151,	-150,	-149,	-149,	-144,	-138,	-138,	-140,	-134,	-135,	-132,	-134,	-139,	-129,	-132,	-125,	-120,	-123,	-151,	-126,	-131,	-113,	-105,	-115,	-111,	-115,	-102,	-19,	-114,	0,	22,	0,	0,	0,	0,	0,	0,	0,	0,	0,	0,	0,	0,	0,	
d=3:	0,	-167,	-157,	-221,	-137,	-69,	-75,	-120,	-117,	-139,	-130,	-133,	-143,	-148,	-152,	-156,	-149,	-145,	-145,	-142,	-138,	-134,	-136,	-136,	-137,	-131,	-134,	-135,	-131,	-128,	-129,	-118,	-112,	-114,	-130,	-132,	-96,	-114,	-87,	-115,	-89,	-86,	-77,	-79,	-10,	-27,	10,	95,	0,	0,	0,	0,	0,	0,	0,	0,	0,	0,	0,	0,	0,	
d=4:	0,	-161,	-185,	-289,	-160,	-113,	-79,	-137,	-147,	-150,	-150,	-153,	-162,	-162,	-160,	-160,	-156,	-157,	-150,	-146,	-141,	-140,	-133,	-141,	-134,	-131,	-142,	-125,	-129,	-130,	-145,	-131,	-120,	-120,	-123,	-124,	-120,	-126,	-158,	-123,	-117,	-125,	-30,	-192,	-110,	23,	-78,	0,	0,	0,	0,	0,	0,	0,	0,	0,	0,	0,	0,	0,	0,	
d=5:	0,	-140,	-164,	-276,	-191,	-156,	-135,	-167,	-192,	-168,	-167,	-176,	-185,	-184,	-189,	-172,	-174,	-168,	-157,	-161,	-147,	-152,	-143,	-145,	-147,	-138,	-131,	-128,	-140,	-137,	-147,	-165,	-119,	-154,	-126,	-156,	-119,	-126,	-125,	-102,	-143,	-160,	-93,	-47,	-55,	1,	0,	0,	0,	0,	0,	0,	0,	0,	0,	0,	0,	0,	0,	0,	0,	
d=6:	0,	-137,	-128,	-310,	-248,	-126,	-158,	-136,	-163,	-184,	-187,	-180,	-200,	-201,	-206,	-200,	-191,	-186,	-169,	-153,	-147,	-140,	-145,	-137,	-142,	-144,	-130,	-132,	-116,	-155,	-147,	-131,	-149,	-177,	-137,	-114,	-121,	-84,	-95,	-142,	-92,	-91,	-80,	2,	0,	0,	0,	0,	0,	0,	0,	0,	0,	0,	0,	0,	0,	0,	0,	0,	0,	
d=7:	0,	-69,	-172,	-429,	-329,	-258,	-140,	-184,	-181,	-187,	-192,	-205,	-217,	-228,	-226,	-221,	-191,	-209,	-186,	-183,	-169,	-169,	-156,	-146,	-146,	-135,	-147,	-113,	-125,	-150,	-155,	-78,	-88,	-107,	-69,	-88,	-52,	-166,	-23,	-155,	-168,	-2,	11,	0,	148,	0,	0,	0,	0,	0,	0,	0,	0,	0,	0,	0,	0,	0,	0,	0,	0,	
d=8:	0,	-42,	-68,	-47,	-107,	-352,	-225,	-343,	-199,	-193,	-192,	-194,	-199,	-195,	-178,	-197,	-191,	-157,	-179,	-168,	-174,	-157,	-156,	-155,	-177,	-186,	-162,	-140,	-138,	-159,	-208,	-197,	-139,	-96,	-85,	-43,	-96,	-96,	-26,	-29,	0,	12,	0,	0,	0,	0,	0,	0,	0,	0,	0,	0,	0,	0,	0,	0,	0,	0,	0,	0,	0,	
d=9:	0,	-15,	-28,	-13,	-358,	-95,	-297,	-130,	-186,	-215,	-253,	-278,	-226,	-245,	-241,	-218,	-208,	-175,	-146,	-160,	-142,	-121,	-119,	-123,	-125,	-108,	-114,	-70,	-62,	-114,	-89,	-80,	-80,	-27,	-54,	-25,	-33,	-92,	-56,	-26,	0,	0,	106,	10,	10,	0,	0,	0,	0,	0,	0,	0,	0,	0,	0,	0,	0,	0,	0,	0,	0,	
number of samples
d=0:	0,	316,	79,	35,	18,	44,	76,	105,	159,	203,	286,	400,	485,	572,	757,	866,	933,	1100,	1048,	1143,	1150,	996,	1019,	883,	783,	644,	545,	438,	343,	285,	196,	160,	112,	72,	65,	37,	27,	16,	15,	12,	7,	1,	1,	0,	1,	1,	0,	0,	0,	0,	0,	0,	0,	0,	0,	0,	0,	0,	0,	0,	0,	
d=1:	0,	8391,	2603,	561,	263,	387,	752,	1099,	1705,	2439,	3350,	4510,	5964,	7489,	8966,	10650,	11781,	13350,	14298,	15106,	15774,	15857,	15290,	14622,	13800,	12624,	10754,	9542,	8035,	6582,	5231,	4170,	3088,	2407,	1817,	1232,	852,	579,	430,	264,	158,	120,	72,	36,	20,	9,	10,	5,	2,	1,	1,	0,	0,	0,	0,	0,	0,	0,	0,	0,	0,	
d=2:	0,	3738,	1104,	208,	155,	310,	623,	769,	1118,	1725,	2341,	3216,	3976,	4895,	5816,	6537,	7014,	7655,	7947,	8116,	7971,	7780,	7437,	6626,	6023,	5289,	4493,	3760,	2989,	2367,	1820,	1410,	1047,	788,	540,	371,	233,	167,	110,	80,	45,	21,	17,	11,	5,	2,	0,	1,	0,	0,	0,	0,	0,	0,	0,	0,	0,	0,	0,	0,	0,	
d=3:	0,	2373,	789,	166,	104,	279,	450,	705,	1020,	1434,	1986,	2768,	3484,	4324,	5043,	5808,	6441,	6790,	7280,	7340,	7248,	7101,	6681,	6021,	5445,	4801,	3999,	3561,	2812,	2032,	1627,	1334,	947,	704,	521,	338,	252,	168,	111,	73,	43,	35,	15,	13,	8,	5,	2,	1,	0,	0,	0,	0,	0,	0,	0,	0,	0,	0,	0,	0,	0,	
d=4:	0,	1392,	552,	104,	110,	191,	325,	544,	756,	1031,	1460,	1914,	2423,	3037,	3401,	4025,	4438,	4569,	4862,	4939,	5046,	4725,	4462,	4057,	3588,	3111,	2521,	2148,	1749,	1323,	1031,	781,	572,	432,	293,	236,	126,	96,	66,	37,	25,	17,	8,	5,	2,	1,	2,	0,	0,	0,	0,	0,	0,	0,	0,	0,	0,	0,	0,	0,	0,	
d=5:	0,	1259,	410,	85,	93,	153,	273,	443,	597,	849,	1199,	1663,	2075,	2609,	3160,	3588,	3961,	4185,	4429,	4555,	4513,	4203,	3921,	3595,	3126,	2665,	2220,	1828,	1526,	1093,	865,	672,	490,	402,	250,	178,	109,	95,	45,	43,	21,	17,	7,	3,	3,	2,	0,	0,	0,	0,	0,	0,	0,	0,	0,	0,	0,	0,	0,	0,	0,	
d=6:	0,	804,	244,	52,	58,	119,	175,	303,	425,	597,	831,	1208,	1536,	1887,	2244,	2600,	2752,	3168,	3143,	3205,	3162,	2987,	2821,	2514,	2026,	1838,	1515,	1197,	914,	713,	615,	410,	324,	237,	157,	115,	62,	45,	26,	21,	12,	5,	7,	1,	0,	0,	0,	0,	0,	0,	0,	0,	0,	0,	0,	0,	0,	0,	0,	0,	0,	
d=7:	0,	523,	182,	26,	35,	85,	122,	228,	319,	481,	674,	977,	1171,	1479,	1749,	2025,	2288,	2315,	2459,	2373,	2384,	2248,	2032,	1768,	1649,	1286,	1019,	882,	714,	550,	412,	302,	237,	151,	116,	78,	50,	32,	27,	12,	12,	4,	1,	0,	1,	0,	1,	0,	0,	0,	0,	0,	0,	0,	0,	0,	0,	0,	0,	0,	0,	
d=8:	0,	230,	81,	16,	25,	50,	82,	129,	172,	246,	341,	457,	613,	840,	1036,	1116,	1319,	1411,	1441,	1468,	1457,	1463,	1331,	1182,	1026,	791,	648,	540,	440,	323,	260,	221,	125,	108,	54,	50,	31,	18,	10,	6,	3,	1,	0,	0,	0,	0,	0,	0,	0,	0,	0,	0,	0,	0,	0,	0,	0,	0,	0,	0,	0,	
d=9:	0,	135,	62,	3,	10,	32,	38,	59,	83,	106,	183,	281,	372,	497,	631,	724,	797,	854,	882,	879,	827,	750,	712,	640,	600,	500,	414,	328,	282,	206,	147,	115,	69,	55,	42,	31,	19,	9,	8,	7,	0,	0,	1,	1,	1,	0,	0,	0,	0,	0,	0,	0,	0,	0,	0,	0,	0,	0,	0,	0,	0,	
------------------------------------
piece type = knight

mean difference between predicted score and currend alpha (before prediction)
d=0:	0,	37,	174,	322,	352,	308,	259,	218,	199,	175,	152,	142,	135,	125,	118,	121,	110,	112,	105,	107,	119,	105,	102,	115,	92,	147,	104,	111,	100,	118,	85,	62,	50,	19,	0,	0,	34,	32,	0,	0,	0,	0,	0,	0,	0,	0,	0,	0,	0,	0,	0,	0,	0,	0,	0,	0,	0,	0,	0,	0,	0,	
d=1:	0,	57,	110,	303,	381,	362,	318,	275,	233,	197,	173,	152,	134,	119,	108,	98,	92,	87,	81,	77,	73,	72,	69,	70,	69,	66,	68,	69,	67,	68,	67,	68,	68,	54,	60,	66,	53,	44,	64,	40,	28,	16,	0,	0,	0,	0,	0,	0,	0,	0,	0,	0,	0,	0,	0,	0,	0,	0,	0,	0,	0,	
d=2:	0,	57,	119,	258,	273,	252,	231,	198,	172,	148,	129,	113,	105,	98,	88,	85,	84,	80,	78,	77,	78,	76,	74,	72,	76,	77,	73,	67,	76,	78,	69,	94,	77,	91,	95,	76,	220,	57,	81,	182,	7,	0,	0,	0,	0,	0,	0,	0,	0,	0,	0,	0,	0,	0,	0,	0,	0,	0,	0,	0,	0,	
d=3:	0,	61,	131,	263,	277,	243,	216,	185,	159,	135,	117,	104,	95,	89,	82,	79,	78,	76,	72,	70,	72,	69,	72,	70,	72,	78,	84,	85,	88,	86,	87,	100,	106,	90,	88,	38,	0,	31,	0,	0,	29,	254,	0,	0,	0,	0,	0,	0,	0,	0,	0,	0,	0,	0,	0,	0,	0,	0,	0,	0,	0,	
d=4:	0,	67,	158,	289,	293,	259,	219,	184,	158,	138,	120,	105,	98,	89,	87,	81,	83,	78,	74,	71,	76,	75,	74,	78,	77,	72,	71,	75,	75,	77,	76,	67,	86,	60,	127,	79,	117,	0,	0,	0,	0,	0,	0,	0,	0,	0,	0,	0,	0,	0,	0,	0,	0,	0,	0,	0,	0,	0,	0,	0,	0,	
d=5:	0,	40,	140,	272,	268,	214,	179,	148,	129,	117,	108,	92,	86,	80,	76,	72,	72,	67,	73,	72,	71,	67,	68,	71,	69,	62,	82,	77,	82,	66,	83,	63,	73,	85,	29,	502,	5,	0,	0,	0,	0,	0,	0,	0,	0,	0,	0,	0,	0,	0,	0,	0,	0,	0,	0,	0,	0,	0,	0,	0,	0,	
d=6:	0,	32,	145,	275,	250,	205,	171,	139,	116,	95,	78,	73,	67,	56,	57,	52,	49,	45,	49,	44,	45,	47,	47,	50,	56,	66,	65,	64,	96,	106,	78,	61,	45,	98,	33,	66,	1,	0,	90,	0,	0,	0,	0,	0,	0,	0,	0,	0,	0,	0,	0,	0,	0,	0,	0,	0,	0,	0,	0,	0,	0,	
d=7:	0,	22,	98,	211,	197,	189,	170,	144,	113,	98,	85,	73,	66,	57,	54,	53,	49,	52,	47,	48,	55,	49,	41,	46,	39,	49,	51,	39,	50,	59,	75,	31,	40,	22,	45,	38,	0,	17,	0,	0,	0,	0,	0,	0,	0,	0,	0,	0,	0,	0,	0,	0,	0,	0,	0,	0,	0,	0,	0,	0,	0,	
d=8:	0,	11,	49,	129,	124,	102,	85,	59,	51,	44,	39,	35,	37,	34,	35,	44,	51,	49,	49,	53,	58,	54,	55,	45,	43,	48,	43,	71,	37,	51,	9,	44,	19,	111,	13,	0,	0,	0,	0,	0,	0,	0,	0,	0,	0,	0,	0,	0,	0,	0,	0,	0,	0,	0,	0,	0,	0,	0,	0,	0,	0,	
d=9:	0,	17,	95,	165,	127,	96,	75,	48,	36,	35,	32,	29,	29,	31,	27,	29,	33,	31,	27,	37,	38,	47,	35,	44,	32,	42,	39,	24,	23,	18,	18,	16,	27,	0,	0,	0,	0,	0,	0,	0,	0,	0,	0,	0,	0,	0,	0,	0,	0,	0,	0,	0,	0,	0,	0,	0,	0,	0,	0,	0,	0,	
~95% quantile
d=0:	0,	-185,	-326,	-156,	-175,	-191,	-207,	-241,	-237,	-209,	-210,	-212,	-194,	-180,	-176,	-167,	-159,	-158,	-168,	-159,	-174,	-156,	-169,	-198,	-109,	-183,	-178,	-131,	-87,	-183,	-51,	-49,	10,	3,	0,	0,	34,	32,	0,	0,	0,	0,	0,	0,	0,	0,	0,	0,	0,	0,	0,	0,	0,	0,	0,	0,	0,	0,	0,	0,	0,	
d=1:	0,	-192,	-249,	-162,	-13,	-38,	-108,	-146,	-181,	-195,	-195,	-193,	-185,	-173,	-164,	-158,	-147,	-143,	-135,	-126,	-124,	-122,	-112,	-118,	-112,	-112,	-111,	-120,	-118,	-96,	-105,	-110,	-110,	-87,	-89,	-91,	-56,	-25,	-66,	-9,	-6,	16,	0,	0,	0,	0,	0,	0,	0,	0,	0,	0,	0,	0,	0,	0,	0,	0,	0,	0,	0,	
d=2:	0,	-168,	-197,	-103,	-83,	-105,	-135,	-156,	-165,	-169,	-164,	-156,	-153,	-151,	-141,	-141,	-140,	-134,	-133,	-128,	-132,	-126,	-126,	-125,	-123,	-139,	-116,	-109,	-128,	-125,	-119,	-123,	-142,	-125,	-127,	-128,	-243,	-52,	73,	-162,	7,	0,	0,	0,	0,	0,	0,	0,	0,	0,	0,	0,	0,	0,	0,	0,	0,	0,	0,	0,	0,	
d=3:	0,	-171,	-205,	-119,	-74,	-123,	-149,	-156,	-168,	-169,	-162,	-161,	-152,	-148,	-137,	-140,	-133,	-132,	-128,	-130,	-126,	-128,	-133,	-130,	-126,	-128,	-132,	-119,	-109,	-90,	-96,	-92,	-132,	-68,	-120,	-31,	0,	12,	0,	0,	29,	254,	0,	0,	0,	0,	0,	0,	0,	0,	0,	0,	0,	0,	0,	0,	0,	0,	0,	0,	0,	
d=4:	0,	-186,	-228,	-142,	-104,	-151,	-176,	-179,	-187,	-190,	-183,	-171,	-163,	-145,	-140,	-135,	-145,	-135,	-130,	-123,	-136,	-124,	-125,	-131,	-148,	-124,	-138,	-138,	-119,	-111,	-131,	-99,	-117,	-137,	-122,	-56,	-65,	0,	0,	0,	0,	0,	0,	0,	0,	0,	0,	0,	0,	0,	0,	0,	0,	0,	0,	0,	0,	0,	0,	0,	0,	
d=5:	0,	-173,	-263,	-131,	-165,	-206,	-237,	-220,	-217,	-192,	-188,	-175,	-156,	-155,	-146,	-145,	-148,	-128,	-159,	-145,	-152,	-130,	-138,	-148,	-135,	-125,	-165,	-182,	-167,	-106,	-119,	-113,	-78,	-26,	-19,	-389,	-6,	0,	0,	0,	0,	0,	0,	0,	0,	0,	0,	0,	0,	0,	0,	0,	0,	0,	0,	0,	0,	0,	0,	0,	0,	
d=6:	0,	-148,	-242,	-109,	-155,	-216,	-238,	-228,	-228,	-203,	-194,	-185,	-176,	-149,	-155,	-150,	-126,	-120,	-143,	-126,	-137,	-126,	-147,	-119,	-142,	-191,	-122,	-122,	-168,	-264,	-166,	-77,	-90,	-88,	-44,	66,	1,	0,	90,	0,	0,	0,	0,	0,	0,	0,	0,	0,	0,	0,	0,	0,	0,	0,	0,	0,	0,	0,	0,	0,	0,	
d=7:	0,	-164,	-278,	-311,	-312,	-276,	-259,	-271,	-238,	-232,	-234,	-218,	-196,	-165,	-162,	-158,	-136,	-157,	-136,	-145,	-165,	-172,	-146,	-136,	-130,	-137,	-141,	-95,	-114,	-163,	-143,	-130,	-77,	-31,	-28,	-75,	0,	-1,	0,	0,	0,	0,	0,	0,	0,	0,	0,	0,	0,	0,	0,	0,	0,	0,	0,	0,	0,	0,	0,	0,	0,	
d=8:	0,	-126,	-159,	-270,	-271,	-244,	-272,	-181,	-201,	-174,	-171,	-164,	-182,	-157,	-135,	-144,	-161,	-136,	-139,	-146,	-162,	-150,	-161,	-136,	-112,	-127,	-123,	-175,	-140,	-160,	-19,	-69,	-46,	111,	-12,	0,	0,	0,	0,	0,	0,	0,	0,	0,	0,	0,	0,	0,	0,	0,	0,	0,	0,	0,	0,	0,	0,	0,	0,	0,	0,	
d=9:	0,	-179,	-264,	-297,	-287,	-281,	-247,	-233,	-187,	-183,	-170,	-191,	-149,	-138,	-135,	-138,	-161,	-136,	-118,	-142,	-156,	-169,	-144,	-184,	-136,	-169,	-154,	-125,	-84,	-103,	-24,	-52,	-40,	0,	0,	0,	0,	0,	0,	0,	0,	0,	0,	0,	0,	0,	0,	0,	0,	0,	0,	0,	0,	0,	0,	0,	0,	0,	0,	0,	0,	
number of samples
d=0:	0,	357,	181,	186,	309,	416,	601,	729,	859,	1044,	1205,	1316,	1401,	1477,	1263,	1206,	1072,	953,	835,	624,	513,	399,	315,	205,	178,	124,	81,	58,	33,	29,	14,	11,	2,	2,	0,	0,	1,	1,	0,	0,	0,	0,	0,	0,	0,	0,	0,	0,	0,	0,	0,	0,	0,	0,	0,	0,	0,	0,	0,	0,	0,	
d=1:	0,	10118,	3695,	2337,	3584,	4834,	6594,	8325,	10234,	12857,	14589,	16723,	18490,	19671,	19982,	19188,	18402,	16959,	15208,	13269,	10852,	8968,	7104,	5391,	4130,	2999,	2024,	1387,	1014,	591,	350,	253,	170,	95,	64,	39,	22,	15,	6,	5,	4,	1,	0,	0,	0,	0,	0,	0,	0,	0,	0,	0,	0,	0,	0,	0,	0,	0,	0,	0,	0,	
d=2:	0,	4769,	1785,	1508,	2387,	3354,	4439,	5323,	6333,	7615,	8469,	9211,	9838,	10240,	9702,	9194,	8705,	7419,	6671,	5581,	4543,	3503,	2725,	2006,	1504,	1028,	744,	495,	315,	232,	149,	93,	57,	25,	26,	11,	4,	4,	2,	3,	1,	0,	0,	0,	0,	0,	0,	0,	0,	0,	0,	0,	0,	0,	0,	0,	0,	0,	0,	0,	0,	
d=3:	0,	3010,	1429,	1313,	2103,	2947,	3805,	4672,	5781,	7042,	7856,	8616,	9101,	9259,	9045,	8516,	7622,	6831,	5684,	4792,	3875,	3058,	2377,	1778,	1265,	849,	606,	413,	272,	201,	105,	86,	40,	30,	19,	6,	0,	2,	0,	0,	1,	1,	0,	0,	0,	0,	0,	0,	0,	0,	0,	0,	0,	0,	0,	0,	0,	0,	0,	0,	0,	
d=4:	0,	1749,	859,	854,	1429,	1911,	2555,	3208,	3933,	4746,	5243,	5787,	5956,	6025,	6020,	5443,	4835,	4346,	3633,	3094,	2467,	1845,	1419,	1058,	745,	504,	394,	211,	174,	108,	72,	62,	23,	12,	13,	4,	2,	0,	0,	0,	0,	0,	0,	0,	0,	0,	0,	0,	0,	0,	0,	0,	0,	0,	0,	0,	0,	0,	0,	0,	0,	
d=5:	0,	1447,	730,	732,	1209,	1709,	2370,	3090,	3799,	4505,	5047,	5339,	5629,	5459,	5307,	4755,	4272,	3614,	3261,	2524,	2064,	1541,	1203,	833,	613,	476,	289,	232,	144,	103,	58,	40,	26,	12,	4,	3,	2,	0,	0,	0,	0,	0,	0,	0,	0,	0,	0,	0,	0,	0,	0,	0,	0,	0,	0,	0,	0,	0,	0,	0,	0,	
d=6:	0,	998,	510,	524,	862,	1327,	1598,	2243,	2829,	3391,	3731,	4012,	4097,	4124,	3942,	3455,	2969,	2559,	2103,	1778,	1345,	987,	774,	527,	389,	259,	192,	142,	91,	58,	29,	26,	17,	11,	6,	1,	1,	0,	1,	0,	0,	0,	0,	0,	0,	0,	0,	0,	0,	0,	0,	0,	0,	0,	0,	0,	0,	0,	0,	0,	0,	
d=7:	0,	609,	374,	406,	746,	990,	1398,	1751,	2154,	2589,	2933,	3075,	3153,	3140,	2820,	2578,	2201,	1931,	1520,	1243,	972,	702,	499,	367,	276,	204,	172,	111,	73,	44,	32,	23,	13,	3,	7,	4,	0,	2,	0,	0,	0,	0,	0,	0,	0,	0,	0,	0,	0,	0,	0,	0,	0,	0,	0,	0,	0,	0,	0,	0,	0,	
d=8:	0,	278,	160,	195,	350,	547,	770,	1016,	1278,	1605,	1675,	1821,	1861,	1851,	1658,	1455,	1313,	1095,	958,	740,	568,	397,	313,	220,	177,	121,	92,	57,	37,	30,	16,	12,	5,	1,	3,	0,	0,	0,	0,	0,	0,	0,	0,	0,	0,	0,	0,	0,	0,	0,	0,	0,	0,	0,	0,	0,	0,	0,	0,	0,	0,	
d=9:	0,	161,	95,	125,	223,	354,	468,	655,	822,	922,	1025,	1041,	1075,	1029,	890,	799,	679,	598,	457,	399,	320,	264,	172,	138,	88,	66,	38,	35,	15,	15,	8,	6,	6,	1,	0,	0,	0,	0,	0,	0,	0,	0,	0,	0,	0,	0,	0,	0,	0,	0,	0,	0,	0,	0,	0,	0,	0,	0,	0,	0,	0,	
------------------------------------
piece type = pawn

mean difference between predicted score and currend alpha (before prediction)
d=0:	0,	13,	26,	73,	572,	271,	493,	366,	409,	357,	347,	395,	373,	300,	311,	312,	307,	277,	264,	245,	223,	223,	203,	186,	181,	184,	171,	153,	139,	140,	144,	128,	123,	119,	112,	111,	121,	104,	116,	91,	95,	89,	103,	105,	115,	45,	43,	41,	86,	45,	39,	31,	38,	0,	0,	0,	0,	0,	0,	0,	0,	
d=1:	0,	46,	55,	30,	176,	446,	449,	426,	417,	410,	397,	384,	370,	376,	348,	335,	323,	304,	289,	274,	260,	242,	223,	208,	196,	180,	167,	155,	140,	131,	120,	109,	104,	97,	92,	87,	82,	78,	76,	74,	70,	68,	64,	58,	62,	55,	55,	62,	53,	39,	47,	41,	74,	36,	18,	35,	37,	48,	0,	0,	0,	
d=2:	0,	40,	61,	35,	167,	276,	318,	302,	330,	281,	283,	271,	273,	250,	239,	228,	212,	210,	197,	181,	172,	162,	150,	139,	132,	121,	115,	108,	100,	93,	89,	83,	78,	77,	73,	71,	69,	66,	66,	63,	62,	59,	57,	68,	48,	58,	48,	58,	36,	52,	110,	75,	12,	207,	0,	0,	2,	0,	0,	0,	0,	
d=3:	0,	39,	45,	57,	147,	316,	372,	314,	319,	307,	287,	273,	259,	242,	228,	221,	205,	193,	180,	171,	162,	147,	140,	128,	125,	122,	123,	132,	137,	136,	126,	120,	114,	111,	106,	103,	98,	93,	87,	87,	80,	79,	79,	74,	71,	68,	69,	74,	65,	58,	37,	55,	89,	43,	55,	0,	0,	0,	0,	0,	0,	
d=4:	0,	41,	57,	91,	207,	344,	358,	347,	326,	305,	318,	292,	277,	262,	233,	232,	215,	209,	192,	173,	166,	151,	141,	130,	118,	110,	101,	94,	89,	82,	76,	73,	67,	70,	65,	66,	62,	60,	58,	59,	52,	60,	56,	65,	50,	64,	45,	29,	62,	50,	95,	6,	149,	3,	0,	0,	0,	0,	0,	0,	0,	
d=5:	0,	29,	42,	36,	333,	358,	379,	360,	338,	310,	290,	273,	244,	249,	225,	207,	192,	179,	171,	161,	148,	129,	120,	112,	104,	95,	87,	80,	75,	72,	67,	68,	64,	60,	59,	57,	58,	58,	57,	54,	61,	54,	57,	56,	48,	66,	57,	82,	42,	56,	74,	14,	118,	47,	413,	0,	0,	0,	0,	0,	0,	
d=6:	0,	22,	24,	54,	191,	322,	314,	250,	270,	278,	262,	231,	229,	202,	200,	181,	174,	172,	155,	144,	130,	126,	115,	103,	95,	88,	85,	82,	80,	74,	70,	67,	66,	62,	58,	62,	60,	54,	59,	52,	52,	55,	44,	47,	65,	31,	52,	58,	49,	72,	42,	9,	0,	3,	0,	0,	27,	0,	0,	0,	0,	
d=7:	0,	14,	24,	86,	370,	624,	404,	274,	297,	274,	251,	224,	195,	188,	186,	188,	169,	174,	159,	147,	130,	124,	110,	102,	93,	83,	76,	71,	68,	61,	57,	53,	52,	49,	47,	47,	43,	45,	38,	39,	42,	35,	52,	37,	34,	36,	23,	13,	1,	26,	1,	4,	6,	0,	29,	12,	0,	0,	0,	0,	0,	
d=8:	0,	2,	25,	1,	208,	50,	306,	335,	202,	168,	221,	184,	170,	161,	155,	146,	141,	151,	139,	123,	120,	106,	101,	91,	89,	80,	73,	68,	62,	58,	54,	56,	56,	48,	50,	48,	45,	48,	48,	42,	49,	37,	42,	26,	31,	46,	15,	10,	8,	19,	9,	0,	0,	0,	0,	0,	0,	0,	0,	0,	0,	
d=9:	0,	0,	0,	0,	10,	0,	322,	29,	290,	207,	186,	190,	132,	108,	161,	173,	171,	165,	150,	136,	127,	116,	104,	106,	96,	90,	81,	76,	74,	72,	69,	63,	64,	61,	55,	59,	61,	64,	71,	62,	68,	70,	27,	39,	41,	21,	45,	5,	6,	4,	14,	8,	0,	0,	0,	0,	0,	0,	0,	0,	0,	
~95% quantile
d=0:	0,	-102,	-102,	-217,	32,	-95,	-127,	-63,	31,	-162,	-163,	-72,	-65,	-145,	-152,	-135,	-164,	-172,	-178,	-167,	-174,	-170,	-183,	-196,	-187,	-200,	-171,	-166,	-179,	-152,	-174,	-169,	-151,	-150,	-153,	-152,	-146,	-135,	-169,	-124,	-174,	-90,	-164,	-83,	-135,	-28,	-7,	-59,	-48,	-3,	39,	15,	38,	0,	0,	0,	0,	0,	0,	0,	0,	
d=1:	0,	-179,	-167,	-106,	-254,	8,	-24,	35,	-32,	-19,	2,	-25,	-51,	-28,	-66,	-68,	-77,	-95,	-108,	-116,	-128,	-136,	-148,	-153,	-159,	-164,	-166,	-163,	-166,	-163,	-155,	-153,	-149,	-139,	-136,	-129,	-126,	-123,	-118,	-120,	-113,	-102,	-103,	-96,	-109,	-75,	-80,	-101,	-82,	-33,	-71,	-17,	-72,	-16,	-4,	-7,	20,	48,	0,	0,	0,	
d=2:	0,	-161,	-152,	-109,	-226,	-76,	-92,	-66,	-100,	-128,	-133,	-109,	-120,	-130,	-134,	-143,	-150,	-146,	-153,	-151,	-159,	-160,	-160,	-163,	-161,	-160,	-157,	-154,	-150,	-148,	-146,	-143,	-135,	-136,	-135,	-135,	-136,	-128,	-135,	-129,	-124,	-128,	-121,	-155,	-105,	-134,	-115,	-142,	-130,	-79,	-413,	-210,	3,	207,	0,	0,	2,	0,	0,	0,	0,	
d=3:	0,	-135,	-144,	-203,	-177,	-86,	-124,	-145,	-91,	-109,	-129,	-123,	-135,	-153,	-158,	-153,	-156,	-162,	-162,	-166,	-166,	-170,	-170,	-164,	-163,	-164,	-162,	-161,	-151,	-146,	-148,	-141,	-139,	-141,	-132,	-131,	-122,	-117,	-125,	-106,	-109,	-110,	-111,	-120,	-99,	-93,	-100,	-147,	-95,	-87,	-5,	-42,	-45,	43,	55,	0,	0,	0,	0,	0,	0,	
d=4:	0,	-145,	-177,	-169,	-261,	-122,	-143,	-93,	-149,	-114,	-162,	-142,	-168,	-154,	-164,	-173,	-185,	-179,	-173,	-178,	-181,	-179,	-179,	-174,	-170,	-165,	-162,	-157,	-156,	-150,	-145,	-147,	-132,	-144,	-143,	-149,	-138,	-124,	-126,	-131,	-119,	-136,	-127,	-146,	-115,	-218,	-93,	-58,	-167,	-192,	-104,	6,	149,	3,	0,	0,	0,	0,	0,	0,	0,	
d=5:	0,	-121,	-183,	-175,	-241,	-122,	-156,	-245,	-150,	-211,	-198,	-172,	-170,	-200,	-213,	-211,	-214,	-207,	-204,	-209,	-200,	-189,	-187,	-184,	-182,	-176,	-161,	-155,	-150,	-155,	-151,	-158,	-146,	-148,	-137,	-127,	-124,	-138,	-122,	-123,	-129,	-116,	-129,	-129,	-108,	-105,	-102,	-179,	-124,	-117,	-82,	0,	-106,	13,	413,	0,	0,	0,	0,	0,	0,	
d=6:	0,	-179,	-120,	-209,	-196,	-152,	-177,	-159,	-127,	-122,	-152,	-169,	-165,	-178,	-190,	-197,	-201,	-204,	-206,	-202,	-198,	-194,	-196,	-184,	-176,	-167,	-159,	-164,	-162,	-170,	-158,	-156,	-147,	-131,	-134,	-147,	-141,	-128,	-131,	-132,	-124,	-151,	-114,	-125,	-146,	-63,	-83,	-93,	-92,	-98,	-30,	-1,	0,	-4,	0,	0,	27,	0,	0,	0,	0,	
d=7:	0,	-103,	-122,	-86,	-416,	-609,	-107,	-141,	-177,	-174,	-221,	-210,	-188,	-193,	-236,	-220,	-218,	-220,	-229,	-232,	-219,	-222,	-213,	-205,	-191,	-190,	-180,	-179,	-173,	-164,	-152,	-150,	-142,	-135,	-143,	-151,	-125,	-136,	-98,	-124,	-131,	-162,	-169,	-110,	-84,	-110,	-73,	-32,	-3,	-41,	-1,	-5,	-7,	0,	29,	12,	0,	0,	0,	0,	0,	
d=8:	0,	-21,	-159,	-2,	-126,	-64,	-424,	-370,	-251,	-390,	-231,	-262,	-245,	-217,	-210,	-195,	-189,	-209,	-215,	-191,	-200,	-198,	-194,	-186,	-203,	-178,	-173,	-168,	-172,	-162,	-149,	-166,	-177,	-138,	-137,	-149,	-138,	-177,	-180,	-118,	-205,	-128,	-107,	-59,	-108,	-48,	-19,	-5,	-4,	1,	-10,	0,	0,	0,	0,	0,	0,	0,	0,	0,	0,	
d=9:	0,	-2,	-2,	0,	10,	0,	-447,	-13,	-270,	-274,	-239,	-253,	-237,	-224,	-278,	-259,	-275,	-290,	-291,	-257,	-264,	-252,	-231,	-255,	-233,	-232,	-207,	-216,	-201,	-203,	-195,	-172,	-180,	-166,	-161,	-174,	-180,	-182,	-198,	-183,	-226,	-243,	-70,	-83,	-143,	-33,	-114,	-3,	-2,	-4,	1,	8,	0,	0,	0,	0,	0,	0,	0,	0,	0,	
number of samples
d=0:	0,	86,	25,	13,	2,	4,	9,	8,	14,	49,	69,	91,	129,	185,	224,	322,	410,	550,	679,	827,	933,	1011,	1172,	1280,	1315,	1506,	1440,	1457,	1371,	1268,	1189,	1037,	907,	778,	643,	576,	440,	377,	268,	193,	152,	106,	71,	42,	42,	19,	13,	5,	3,	3,	1,	2,	1,	0,	0,	0,	0,	0,	0,	0,	0,	
d=1:	0,	2439,	688,	153,	46,	40,	105,	123,	239,	383,	676,	897,	1429,	1954,	2673,	3669,	4717,	6035,	7639,	9099,	10669,	12494,	14342,	15780,	17031,	18354,	19234,	19351,	19501,	18945,	18087,	16596,	15241,	13448,	11801,	9714,	8270,	6729,	5308,	4197,	3131,	2371,	1686,	1182,	866,	532,	361,	242,	166,	85,	44,	31,	11,	11,	2,	2,	2,	1,	0,	0,	0,	
d=2:	0,	1106,	272,	46,	23,	34,	55,	108,	211,	302,	482,	719,	1093,	1407,	1887,	2588,	3296,	4170,	5183,	6139,	7149,	8028,	8970,	9686,	10182,	10540,	10498,	10463,	10133,	9359,	8540,	7722,	6750,	5702,	4851,	3940,	3117,	2528,	1975,	1398,	1134,	811,	551,	389,	219,	155,	99,	50,	43,	16,	13,	9,	2,	1,	0,	0,	1,	0,	0,	0,	0,	
d=3:	0,	724,	190,	38,	26,	39,	65,	118,	190,	292,	425,	667,	952,	1299,	1792,	2233,	3001,	3892,	4661,	5512,	6272,	7316,	8037,	8816,	9407,	9781,	9746,	9828,	9417,	8968,	8204,	7463,	6567,	5663,	4729,	3883,	3178,	2552,	2002,	1398,	1107,	750,	547,	392,	279,	185,	122,	73,	39,	35,	21,	11,	6,	1,	1,	1,	0,	0,	0,	0,	0,	
d=4:	0,	417,	125,	25,	13,	33,	76,	97,	168,	242,	366,	503,	716,	973,	1311,	1756,	2239,	2776,	3364,	3879,	4566,	5096,	5565,	6087,	6285,	6386,	6535,	6468,	6276,	5825,	5292,	4746,	4021,	3578,	2958,	2399,	1943,	1449,	1143,	887,	651,	442,	312,	207,	139,	99,	55,	32,	22,	9,	6,	1,	1,	1,	0,	0,	0,	0,	0,	0,	0,	
d=5:	0,	334,	99,	20,	22,	15,	44,	71,	105,	173,	295,	379,	567,	799,	1212,	1522,	1880,	2400,	3045,	3462,	3961,	4704,	5140,	5537,	5801,	6060,	6151,	5827,	5669,	5323,	4949,	4398,	3812,	3252,	2702,	2251,	1734,	1319,	1123,	787,	643,	426,	314,	189,	138,	78,	63,	31,	28,	13,	6,	4,	2,	3,	1,	0,	0,	0,	0,	0,	0,	
d=6:	0,	228,	60,	14,	13,	21,	38,	49,	65,	127,	176,	298,	422,	606,	772,	1081,	1389,	1639,	2050,	2402,	2828,	3270,	3614,	3884,	4070,	4099,	4199,	4133,	4010,	3726,	3364,	3100,	2659,	2262,	1911,	1445,	1253,	974,	730,	491,	405,	269,	171,	136,	88,	50,	40,	16,	8,	11,	2,	2,	0,	2,	0,	0,	1,	0,	0,	0,	0,	
d=7:	0,	167,	47,	2,	6,	11,	16,	30,	59,	81,	133,	212,	319,	439,	593,	817,	1059,	1402,	1665,	1864,	2252,	2670,	2909,	3013,	3117,	3299,	3314,	3271,	3136,	2862,	2554,	2251,	1958,	1698,	1380,	1119,	932,	703,	548,	380,	293,	182,	142,	100,	59,	38,	30,	20,	8,	9,	2,	2,	2,	1,	1,	1,	0,	0,	0,	0,	0,	
d=8:	0,	76,	15,	3,	3,	3,	15,	17,	24,	41,	78,	113,	146,	216,	299,	402,	545,	685,	866,	1090,	1313,	1462,	1598,	1835,	1892,	1906,	1956,	1919,	1834,	1788,	1574,	1447,	1185,	1090,	861,	673,	574,	460,	341,	253,	169,	135,	82,	71,	30,	18,	15,	7,	6,	3,	2,	0,	0,	0,	0,	0,	0,	0,	0,	0,	0,	
d=9:	0,	51,	12,	0,	1,	0,	3,	3,	10,	15,	32,	35,	92,	101,	174,	224,	282,	351,	459,	578,	759,	850,	900,	998,	1039,	1067,	1101,	1088,	1061,	978,	877,	807,	702,	589,	493,	410,	324,	298,	200,	169,	111,	71,	47,	33,	24,	15,	7,	4,	3,	3,	3,	1,	0,	0,	0,	0,	0,	0,	0,	0,	0,	
